Generation: 0	Total Reward: 1242.0
Reward: 206   	chromosome: [71, 117, 13, 62]             [0.009, 1.084, 0.145, 0.4425]
Reward: 55   	chromosome: [37, 11, 98, 85, 114]         [0.69, 0.828, 0.229, 0.0575]
Reward: 29   	chromosome: [195, 135]                    [0.568, 1.81, 0.238, 0.403]
Reward: 26   	chromosome: [121, 139, 39, 57, 108]       [0.592, 1.886, 0.085, 0.054]
Reward: 23   	chromosome: [9, 189, 103, 18, 193]        [0.548, 0.106, 0.211, 0.2605]
Reward: 15   	chromosome: [196, 105]                    [0.361, 0.992, 0.074, 0.1765]
Reward: 11   	chromosome: [147, 227, 158]               [0.657, 1.433, 0.055, 0.0455]
Reward: 11   	chromosome: [151, 204, 129, 66, 206]      [0.321, 1.307, 0.212, 0.176]
Reward: 11   	chromosome: [32, 148]                     [0.083, 1.033, 0.175, 0.288]
Reward: 10   	chromosome: [108, 166, 121, 94]           [0.234, 1.638, 0.129, 0.105]
Reward: 10   	chromosome: [42, 73, 55, 32]              [0.255, 0.462, 0.019, 0.4985]
Reward: 10   	chromosome: [88, 60]                      [0.097, 0.899, 0.028, 0.3645]
Reward: 10   	chromosome: [111, 166]                    [0.467, 0.563, 0.09, 0.3525]
Reward: 10   	chromosome: [227, 220]                    [0.761, 0.256, 0.21, 0.422]
Reward: 10   	chromosome: [30, 72]                      [0.472, 1.021, 0.204, 0.064]
Reward: 10   	chromosome: [189, 94, 32]                 [0.58, 0.218, 0.204, 0.1205]
Reward: 10   	chromosome: [182, 247, 243, 197, 27]      [0.155, 0.306, 0.002, 0.0195]
Reward: 10   	chromosome: [54, 38, 219, 24]             [0.347, 1.921, 0.178, 0.308]
Reward: 10   	chromosome: [244, 186, 48]                [0.764, 1.426, 0.035, 0.498]
Reward: 10   	chromosome: [234, 151, 201, 140, 131]     [0.187, 0.47, 0.051, 0.3745]
Reward: 10   	chromosome: [28, 63, 56, 159, 15]         [0.221, 0.668, 0.13, 0.4225]
Reward: 10   	chromosome: [242, 162, 75, 150, 50]       [0.343, 0.817, 0.071, 0.4]
Reward: 10   	chromosome: [96, 84]                      [0.472, 0.269, 0.239, 0.165]
Reward: 10   	chromosome: [109, 171, 139, 211]          [0.116, 0.094, 0.203, 0.054]
Reward: 10   	chromosome: [63, 150, 181, 96]            [0.011, 0.655, 0.217, 0.245]
Reward: 10   	chromosome: [79, 149]                     [0.681, 1.739, 0.178, 0.096]
Reward: 10   	chromosome: [215, 125, 180, 34, 50]       [0.051, 0.742, 0.068, 0.169]
Reward: 10   	chromosome: [169, 229, 55]                [0.329, 1.606, 0.171, 0.257]
Reward: 10   	chromosome: [56, 11, 173, 46, 8]          [0.281, 0.31, 0.014, 0.175]
Reward: 10   	chromosome: [80, 52, 166, 13, 46]         [0.004, 0.144, 0.025, 0.407]
Reward: 10   	chromosome: [182, 75]                     [0.618, 0.32, 0.222, 0.337]
Reward: 10   	chromosome: [63, 105]                     [0.615, 1.918, 0.208, 0.499]
Reward: 10   	chromosome: [219, 137, 149]               [0.444, 1.311, 0.198, 0.257]
Reward: 10   	chromosome: [230, 10]                     [0.443, 0.414, 0.114, 0.1265]
Reward: 10   	chromosome: [30, 12, 104]                 [0.785, 1.79, 0.07, 0.278]
Reward: 10   	chromosome: [7, 183, 143, 8, 101]         [0.423, 0.536, 0.089, 0.3825]
Reward: 10   	chromosome: [134, 191]                    [0.252, 1.712, 0.031, 0.186]
Reward: 10   	chromosome: [19, 239, 60, 15, 214]        [0.165, 1.461, 0.11, 0.23]
Reward: 10   	chromosome: [100, 169]                    [0.359, 1.693, 0.226, 0.3]
Reward: 10   	chromosome: [13, 121, 142, 4]             [0.384, 1.107, 0.122, 0.151]
Reward: 10   	chromosome: [218, 172, 96]                [0.419, 0.746, 0.088, 0.377]
Reward: 10   	chromosome: [53, 74, 87]                  [0.226, 0.554, 0.116, 0.4205]
Reward: 10   	chromosome: [187, 168]                    [0.604, 1.9, 0.075, 0.1895]
Reward: 10   	chromosome: [160, 44, 188, 34]            [0.729, 1.73, 0.011, 0.1285]
Reward: 10   	chromosome: [102, 143, 90, 128, 203]      [0.121, 0.353, 0.164, 0.3295]
Reward: 10   	chromosome: [84, 100, 235]                [0.392, 1.063, 0.204, 0.078]
Reward: 10   	chromosome: [69, 182, 66]                 [0.621, 0.918, 0.204, 0.448]
Reward: 10   	chromosome: [128, 19]                     [0.779, 0.12, 0.054, 0.326]
Reward: 10   	chromosome: [224, 162, 121]               [0.721, 0.342, 0.159, 0.359]
Reward: 10   	chromosome: [251, 27]                     [0.112, 1.547, 0.06, 0.192]
Reward: 10   	chromosome: [80, 167, 191]                [0.364, 0.018, 0.161, 0.2635]
Reward: 10   	chromosome: [88, 219, 50]                 [0.204, 0.662, 0.039, 0.413]
Reward: 10   	chromosome: [6, 223, 34, 87]              [0.134, 1.975, 0.161, 0.1845]
Reward: 9   	chromosome: [25, 120, 178]                [0.674, 0.658, 0.075, 0.28]
Reward: 9   	chromosome: [21, 132]                     [0.547, 0.333, 0.183, 0.3955]
Reward: 9   	chromosome: [247, 146, 199]               [0.607, 1.217, 0.108, 0.441]
Reward: 9   	chromosome: [198, 136, 206]               [0.693, 1.064, 0.061, 0.353]
Reward: 9   	chromosome: [202, 217, 16]                [0.209, 0.412, 0.15, 0.3025]
Reward: 9   	chromosome: [179, 248, 7, 57, 157]        [0.073, 0.289, 0.157, 0.0105]
Reward: 9   	chromosome: [53, 49, 63, 2, 57]           [0.665, 1.952, 0.17, 0.272]
Reward: 9   	chromosome: [251, 166]                    [0.562, 1.998, 0.229, 0.4515]
Reward: 9   	chromosome: [8, 108, 227, 81]             [0.689, 0.174, 0.039, 0.0945]
Reward: 9   	chromosome: [159, 217, 21, 70]            [0.657, 1.211, 0.051, 0.0145]
Reward: 9   	chromosome: [181, 139, 251]               [0.782, 1.973, 0.186, 0.472]
Reward: 9   	chromosome: [205, 209, 181]               [0.42, 0.553, 0.131, 0.2755]
Reward: 9   	chromosome: [95, 128]                     [0.769, 1.362, 0.111, 0.2975]
Reward: 9   	chromosome: [243, 164]                    [0.151, 1.123, 0.173, 0.093]
Reward: 9   	chromosome: [191, 238, 125, 189]          [0.05, 0.179, 0.18, 0.4075]
Reward: 9   	chromosome: [106, 144, 26]                [0.367, 0.525, 0.133, 0.2765]
Reward: 9   	chromosome: [147, 138, 110, 139, 160]     [0.631, 0.056, 0.03, 0.4915]
Reward: 9   	chromosome: [224, 115]                    [0.263, 0.96, 0.062, 0.168]
Reward: 9   	chromosome: [195, 189, 125]               [0.16, 0.989, 0.113, 0.402]
Reward: 9   	chromosome: [245, 74, 53, 93, 225]        [0.284, 1.827, 0.151, 0.173]
Reward: 9   	chromosome: [62, 191, 61, 28]             [0.338, 0.566, 0.175, 0.4735]
Reward: 9   	chromosome: [249, 22, 19, 253]            [0.232, 0.485, 0.021, 0.356]
Reward: 9   	chromosome: [190, 248]                    [0.324, 1.939, 0.049, 0.1165]
Reward: 9   	chromosome: [238, 97]                     [0.686, 1.48, 0.033, 0.4355]
Reward: 9   	chromosome: [58, 248, 127, 156, 249]      [0.165, 1.82, 0.048, 0.394]
Reward: 9   	chromosome: [171, 215, 94]                [0.44, 1.862, 0.13, 0.087]
Reward: 9   	chromosome: [49, 72, 242, 197, 43]        [0.357, 0.231, 0.148, 0.352]
Reward: 9   	chromosome: [205, 64, 78, 121, 191]       [0.575, 1.393, 0.124, 0.378]
Reward: 9   	chromosome: [44, 193, 242]                [0.383, 0.142, 0.073, 0.1305]
Reward: 9   	chromosome: [17, 75]                      [0.505, 0.728, 0.04, 0.436]
Reward: 9   	chromosome: [184, 169, 73]                [0.603, 0.935, 0.054, 0.29]
Reward: 9   	chromosome: [219, 34, 7]                  [0.07, 1.741, 0.041, 0.353]
Reward: 9   	chromosome: [153, 85, 6, 148]             [0.6, 0.386, 0.219, 0.3945]
Reward: 9   	chromosome: [53, 151, 9]                  [0.26, 1.535, 0.157, 0.179]
Reward: 9   	chromosome: [42, 141, 53, 88, 135]        [0.459, 1.762, 0.238, 0.0835]
Reward: 9   	chromosome: [223, 83, 2, 113, 18]         [0.199, 0.757, 0.201, 0.3945]
Reward: 9   	chromosome: [246, 32]                     [0.71, 0.704, 0.023, 0.401]
Reward: 9   	chromosome: [149, 254]                    [0.102, 0.984, 0.152, 0.286]
Reward: 9   	chromosome: [148, 26, 40, 159, 77]        [0.438, 1.372, 0.143, 0.0855]
Reward: 8   	chromosome: [126, 225]                    [0.641, 0.921, 0.198, 0.1355]
Reward: 8   	chromosome: [80, 143]                     [0.762, 1.058, 0.095, 0.3535]
Reward: 8   	chromosome: [228, 245, 243, 11, 51]       [0.307, 0.272, 0.03, 0.304]
Reward: 8   	chromosome: [167, 101, 124, 54, 189]      [0.795, 0.893, 0.197, 0.324]
Reward: 8   	chromosome: [174, 252, 75, 114, 128]      [0.599, 0.366, 0.206, 0.3805]
Reward: 8   	chromosome: [118, 181, 233]               [0.692, 1.644, 0.236, 0.1895]
Reward: 8   	chromosome: [217, 83]                     [0.204, 1.13, 0.008, 0.373]
Reward: 8   	chromosome: [253, 45, 189, 2]             [0.556, 1.09, 0.185, 0.402]
