Generation: 14	Total Reward: 2955.0
Reward: 306   	chromosome: [71, 100, 13, 22]             [0.69, 1.084, 0.11, 0.368]
Reward: 190   	chromosome: [71, 100, 13, 22]             [0.626, 1.81, 0.11, 0.368]
Reward: 166   	chromosome: [71, 100, 13, 22]             [0.626, 1.81, 0.049, 0.368]
Reward: 163   	chromosome: [71, 76, 13, 22]              [0.785, 1.393, 0.11, 0.0005]
Reward: 156   	chromosome: [71, 100, 13, 22]             [0.626, 1.81, 0.049, 0.368]
Reward: 155   	chromosome: [71, 100, 13, 22]             [0.785, 1.81, 0.11, 0.368]
Reward: 141   	chromosome: [199, 100, 13, 127]           [0.785, 1.939, 0.11, 0.368]
Reward: 121   	chromosome: [71, 100, 13, 22]             [0.69, 1.939, 0.049, 0.368]
Reward: 104   	chromosome: [71, 100, 13, 22]             [0.626, 1.939, 0.049, 0.368]
Reward: 97   	chromosome: [71, 100, 13, 22]             [0.785, 1.81, 0.11, 0.368]
Reward: 87   	chromosome: [71, 100, 13, 22]             [0.626, 1.939, 0.11, 0.368]
Reward: 87   	chromosome: [71, 100, 13, 22]             [0.626, 1.939, 0.11, 0.368]
Reward: 81   	chromosome: [71, 116, 13, 22]             [0.785, 1.939, 0.145, 0.368]
Reward: 54   	chromosome: [71, 96, 13, 22]              [0.785, 1.81, 0.11, 0.193]
Reward: 40   	chromosome: [199, 100, 13, 22]            [0.785, 1.939, 0.11, 0.2235]
Reward: 39   	chromosome: [197, 80, 17]                 [0.626, 1.939, 0.145, 0.368]
Reward: 38   	chromosome: [71, 96, 13, 22]              [0.626, 1.939, 0.11, 0.368]
Reward: 38   	chromosome: [71, 96, 13, 22]              [0.626, 1.81, 0.11, 0.368]
Reward: 35   	chromosome: [71, 100]                     [0.785, 1.81, 0.11, 0.368]
Reward: 35   	chromosome: [71, 100, 13, 22]             [0.626, 1.939, 0.049, 0.368]
Reward: 29   	chromosome: [71, 100, 13, 22]             [0.626, 1.939, 0.049, 0.368]
Reward: 20   	chromosome: [106, 161, 166, 188, 83]      [0.24, 1.001, 0.204, 0.3875]
Reward: 18   	chromosome: [5, 197, 162, 30, 197]        [0.054, 1.781, 0.055, 0.478]
Reward: 17   	chromosome: [199, 100]                    [0.626, 0.949, 0.049, 0.368]
Reward: 16   	chromosome: [71, 96, 13, 22]              [0.626, 1.81, 0.11, 0.368]
Reward: 16   	chromosome: [199, 100, 13, 22]            [0.785, 1.939, 0.145, 0.368]
Reward: 13   	chromosome: [71, 100, 242, 69, 22]        [0.416, 1.81, 0.049, 0.368]
Reward: 12   	chromosome: [199, 117, 13, 22]            [0.626, 1.939, 0.145, 0.368]
Reward: 12   	chromosome: [58, 92, 13, 128]             [0.759, 1.939, 0.161, 0.489]
Reward: 12   	chromosome: [199, 100, 13, 62]            [0.626, 1.939, 0.049, 0.368]
Reward: 11   	chromosome: [199, 13, 62]                 [0.785, 1.939, 0.049, 0.368]
Reward: 11   	chromosome: [154, 99]                     [0.654, 1.389, 0.004, 0.0305]
Reward: 11   	chromosome: [198, 100, 13, 22]            [0.626, 1.939, 0.11, 0.368]
Reward: 10   	chromosome: [226, 100, 77]                [0.626, 1.939, 0.049, 0.368]
Reward: 10   	chromosome: [115, 8, 163, 45]             [0.493, 0.764, 0.059, 0.0885]
Reward: 10   	chromosome: [199, 86]                     [0.785, 1.931, 0.11, 0.211]
Reward: 10   	chromosome: [22, 183, 240]                [0.332, 1.434, 0.181, 0.4605]
Reward: 10   	chromosome: [71, 97, 13, 22]              [0.626, 1.939, 0.11, 0.368]
Reward: 10   	chromosome: [53, 104, 135, 235, 33]       [0.298, 1.97, 0.025, 0.371]
Reward: 10   	chromosome: [71, 100, 44, 22]             [0.626, 1.81, 0.11, 0.368]
Reward: 10   	chromosome: [35, 132, 231, 15]            [0.772, 0.446, 0.087, 0.036]
Reward: 10   	chromosome: [149, 51]                     [0.468, 1.979, 0.182, 0.1745]
Reward: 10   	chromosome: [70, 96, 13, 22]              [0.785, 1.939, 0.145, 0.211]
Reward: 10   	chromosome: [67, 100]                     [0.69, 1.81, 0.145, 0.368]
Reward: 10   	chromosome: [71, 100, 13, 214]            [0.785, 1.939, 0.11, 0.1715]
Reward: 10   	chromosome: [71, 100, 44, 22]             [0.626, 1.81, 0.049, 0.368]
Reward: 10   	chromosome: [198, 56, 109, 22]            [0.626, 1.939, 0.093, 0.078]
Reward: 10   	chromosome: [83, 135, 130, 49]            [0.025, 1.458, 0.204, 0.326]
Reward: 10   	chromosome: [249, 243]                    [0.693, 1.979, 0.074, 0.2615]
Reward: 10   	chromosome: [171, 192, 227, 167]          [0.236, 1.095, 0.135, 0.098]
Reward: 10   	chromosome: [173, 238, 57, 160, 183]      [0.632, 0.665, 0.029, 0.293]
Reward: 10   	chromosome: [71, 13, 13, 30]              [0.733, 1.81, 0.145, 0.368]
Reward: 10   	chromosome: [162, 247, 120, 60, 159]      [0.36, 0.735, 0.065, 0.3895]
Reward: 10   	chromosome: [71, 100, 13, 22, 214]        [0.785, 1.939, 0.11, 0.368]
Reward: 10   	chromosome: [71, 96, 109, 62]             [0.626, 1.81, 0.11, 0.368]
Reward: 10   	chromosome: [221, 218, 27]                [0.352, 1.241, 0.08, 0.3655]
Reward: 10   	chromosome: [140, 14]                     [0.459, 1.346, 0.218, 0.052]
Reward: 10   	chromosome: [71, 117, 13, 22]             [0.785, 1.084, 0.066, 0.368]
Reward: 10   	chromosome: [71, 100, 44, 22]             [0.626, 1.939, 0.049, 0.368]
Reward: 10   	chromosome: [243, 118, 199, 19]           [0.513, 1.043, 0.031, 0.117]
Reward: 10   	chromosome: [229, 71, 100, 13, 22]        [0.785, 1.81, 0.11, 0.368]
Reward: 9   	chromosome: [199, 68, 45, 22]             [0.626, 1.939, 0.049, 0.078]
Reward: 9   	chromosome: [17, 2, 7]                    [0.289, 1.217, 0.084, 0.3115]
Reward: 9   	chromosome: [8, 111, 197, 62]             [0.69, 1.81, 0.155, 0.4505]
Reward: 9   	chromosome: [217, 69]                     [0.753, 0.456, 0.158, 0.115]
Reward: 9   	chromosome: [71, 100, 44, 62]             [0.785, 1.81, 0.049, 0.368]
Reward: 9   	chromosome: [71, 100, 22]                 [0.785, 1.81, 0.11, 0.368]
Reward: 9   	chromosome: [71, 117, 13, 22]             [0.785, 1.81, 0.145, 0.368]
Reward: 9   	chromosome: [14, 100, 197, 62]            [0.785, 1.939, 0.11, 0.368]
Reward: 9   	chromosome: [71, 100, 13, 62]             [0.785, 1.939, 0.049, 0.368]
Reward: 9   	chromosome: [70, 100, 13, 22]             [0.69, 1.084, 0.11, 0.368]
Reward: 9   	chromosome: [89, 182]                     [0.127, 0.812, 0.155, 0.2075]
Reward: 9   	chromosome: [67, 44, 13, 22, 214]         [0.626, 1.939, 0.11, 0.368]
Reward: 9   	chromosome: [199, 116, 13, 22]            [0.785, 1.939, 0.145, 0.078]
Reward: 9   	chromosome: [227, 100, 45, 22]            [0.626, 1.81, 0.049, 0.368]
Reward: 9   	chromosome: [71, 64, 77]                  [0.626, 1.939, 0.11, 0.078]
Reward: 9   	chromosome: [71, 101, 13, 22]             [0.626, 1.939, 0.11, 0.368]
Reward: 9   	chromosome: [221, 222, 191]               [0.613, 0.069, 0.087, 0.006]
Reward: 9   	chromosome: [199, 100, 13, 30, 214]       [0.626, 1.939, 0.049, 0.368]
Reward: 9   	chromosome: [254, 135]                    [0.714, 1.303, 0.2, 0.2045]
Reward: 9   	chromosome: [71, 100, 13, 22, 214]        [0.626, 1.084, 0.11, 0.368]
Reward: 9   	chromosome: [71, 100, 13, 62]             [0.785, 1.939, 0.145, 0.078]
Reward: 9   	chromosome: [117, 111, 190]               [0.084, 0.65, 0.135, 0.487]
Reward: 9   	chromosome: [71, 36, 69, 214]             [0.785, 1.939, 0.049, 0.377]
Reward: 9   	chromosome: [71, 99]                      [0.416, 1.939, 0.049, 0.368]
Reward: 9   	chromosome: [223, 195, 100, 13, 22]       [0.124, 1.939, 0.049, 0.368]
Reward: 9   	chromosome: [71, 117, 13, 22]             [0.626, 1.939, 0.049, 0.368]
Reward: 9   	chromosome: [40, 114, 229, 1]             [0.331, 1.012, 0.021, 0.355]
Reward: 9   	chromosome: [153, 176, 176, 33]           [0.677, 1.669, 0.214, 0.2965]
Reward: 9   	chromosome: [199, 100, 201, 22]           [0.785, 1.939, 0.145, 0.368]
Reward: 9   	chromosome: [71, 100, 13, 22, 214]        [0.626, 1.81, 0.049, 0.368]
Reward: 9   	chromosome: [3, 125, 37, 22]              [0.009, 1.939, 0.049, 0.368]
Reward: 9   	chromosome: [68, 100]                     [0.626, 1.939, 0.049, 0.368]
Reward: 8   	chromosome: [71, 127, 13, 22]             [0.626, 1.931, 0.155, 0.4505]
Reward: 8   	chromosome: [6, 100, 13, 22]              [0.009, 1.939, 0.049, 0.211]
Reward: 8   	chromosome: [71, 101, 5, 22]              [0.328, 1.939, 0.11, 0.368]
Reward: 8   	chromosome: [71, 126, 30, 214]            [0.009, 1.81, 0.11, 0.078]
Reward: 8   	chromosome: [195, 100, 109, 22]           [0.124, 1.81, 0.049, 0.368]
Reward: 8   	chromosome: [71, 100, 205, 22]            [0.626, 1.558, 0.11, 0.368]
Reward: 8   	chromosome: [71, 117, 13, 22]             [0.785, 1.81, 0.145, 0.368]
