Generation: 23	Total Reward: 9623.0
Reward: 500   	chromosome: [71, 100, 13, 22]             [0.785, 1.81, 0.145, 0.368]
Reward: 357   	chromosome: [71, 100]                     [0.785, 1.084, 0.145, 0.368]
Reward: 341   	chromosome: [71, 100]                     [0.626, 1.81, 0.145, 0.368]
Reward: 341   	chromosome: [71, 100]                     [0.785, 0.952, 0.211, 0.368]
Reward: 299   	chromosome: [71, 100]                     [0.626, 1.81, 0.211, 0.368]
Reward: 292   	chromosome: [71, 100]                     [0.779, 1.81, 0.11, 0.368]
Reward: 269   	chromosome: [71, 100, 13, 22]             [0.779, 1.81, 0.11, 0.368]
Reward: 243   	chromosome: [71, 100]                     [0.626, 1.81, 0.211, 0.368]
Reward: 235   	chromosome: [71, 100, 13, 22]             [0.785, 1.81, 0.145, 0.368]
Reward: 234   	chromosome: [71, 76, 13, 22]              [0.626, 1.81, 0.211, 0.0005]
Reward: 233   	chromosome: [71, 100]                     [0.376, 1.084, 0.145, 0.368]
Reward: 233   	chromosome: [71, 100]                     [0.626, 1.078, 0.211, 0.368]
Reward: 220   	chromosome: [71, 76, 13, 22]              [0.626, 1.81, 0.145, 0.0005]
Reward: 216   	chromosome: [71, 100, 13, 22]             [0.626, 1.396, 0.145, 0.368]
Reward: 214   	chromosome: [71, 100, 13, 22]             [0.626, 1.81, 0.211, 0.368]
Reward: 208   	chromosome: [71, 100, 13, 22]             [0.626, 1.81, 0.11, 0.368]
Reward: 205   	chromosome: [71, 100, 13, 22]             [0.785, 1.396, 0.145, 0.411]
Reward: 202   	chromosome: [71, 100, 13, 22]             [0.785, 1.81, 0.145, 0.368]
Reward: 187   	chromosome: [71, 100, 13, 22]             [0.626, 1.81, 0.211, 0.368]
Reward: 185   	chromosome: [71, 100, 13, 22]             [0.626, 1.81, 0.145, 0.368]
Reward: 182   	chromosome: [71, 100]                     [0.626, 1.81, 0.211, 0.368]
Reward: 174   	chromosome: [71, 100, 13, 22]             [0.626, 1.81, 0.11, 0.368]
Reward: 168   	chromosome: [71, 100, 13, 22]             [0.626, 1.81, 0.145, 0.368]
Reward: 161   	chromosome: [71, 76]                      [0.779, 1.396, 0.11, 0.0005]
Reward: 160   	chromosome: [71, 100]                     [0.626, 1.81, 0.145, 0.368]
Reward: 158   	chromosome: [71, 100, 13, 22]             [0.626, 1.81, 0.11, 0.368]
Reward: 155   	chromosome: [71, 76, 13, 22]              [0.626, 1.084, 0.145, 0.0005]
Reward: 153   	chromosome: [71, 76]                      [0.626, 1.81, 0.211, 0.0005]
Reward: 150   	chromosome: [71, 100, 13, 22]             [0.502, 1.084, 0.11, 0.368]
Reward: 149   	chromosome: [71, 100, 13, 22]             [0.626, 1.81, 0.211, 0.368]
Reward: 149   	chromosome: [71, 100]                     [0.504, 1.015, 0.11, 0.368]
Reward: 149   	chromosome: [71, 100, 13, 22]             [0.785, 1.81, 0.211, 0.368]
Reward: 149   	chromosome: [71, 76, 13, 22]              [0.626, 1.084, 0.062, 0.0005]
Reward: 135   	chromosome: [71, 100, 13, 22]             [0.626, 1.81, 0.085, 0.368]
Reward: 127   	chromosome: [71, 100]                     [0.626, 1.078, 0.11, 0.368]
Reward: 126   	chromosome: [71, 100, 13, 22]             [0.626, 1.81, 0.145, 0.368]
Reward: 125   	chromosome: [71, 100, 13, 22]             [0.626, 1.81, 0.211, 0.368]
Reward: 122   	chromosome: [71, 76, 13, 22]              [0.626, 1.939, 0.211, 0.0005]
Reward: 121   	chromosome: [71, 100, 13, 22]             [0.779, 1.078, 0.211, 0.368]
Reward: 119   	chromosome: [71, 100]                     [0.626, 1.81, 0.145, 0.368]
Reward: 118   	chromosome: [71, 100, 13, 22]             [0.785, 1.81, 0.145, 0.368]
Reward: 110   	chromosome: [71, 100]                     [0.785, 1.81, 0.11, 0.368]
Reward: 109   	chromosome: [71, 100, 13, 22]             [0.779, 1.81, 0.211, 0.368]
Reward: 103   	chromosome: [71, 100, 13, 22]             [0.626, 1.084, 0.145, 0.368]
Reward: 102   	chromosome: [71, 100]                     [0.626, 1.81, 0.211, 0.1875]
Reward: 91   	chromosome: [71, 108, 13, 22]             [0.626, 1.81, 0.145, 0.0005]
Reward: 85   	chromosome: [71, 100]                     [0.626, 1.084, 0.145, 0.368]
Reward: 47   	chromosome: [71, 100]                     [0.626, 0.952, 0.211, 0.368]
Reward: 41   	chromosome: [71, 164, 13, 22]             [0.779, 1.939, 0.145, 0.368]
Reward: 37   	chromosome: [71, 100, 13, 22]             [0.785, 1.396, 0.145, 0.0005]
Reward: 35   	chromosome: [71, 100]                     [0.779, 1.084, 0.145, 0.368]
Reward: 30   	chromosome: [71, 149]                     [0.331, 0.581, 0.104, 0.0305]
Reward: 29   	chromosome: [71, 100]                     [0.785, 1.81, 0.11, 0.368]
Reward: 29   	chromosome: [71, 100]                     [0.626, 1.939, 0.211, 0.368]
Reward: 28   	chromosome: [71, 108, 13, 22]             [0.779, 1.906, 0.211, 0.368]
Reward: 25   	chromosome: [71, 100, 13, 22]             [0.281, 1.084, 0.11, 0.0005]
Reward: 25   	chromosome: [30, 29, 69]                  [0.488, 1.928, 0.236, 0.423]
Reward: 22   	chromosome: [71, 100]                     [0.785, 0.187, 0.11, 0.368]
Reward: 20   	chromosome: [71, 100, 13, 22]             [0.785, 1.084, 0.145, 0.0005]
Reward: 18   	chromosome: [71, 76]                      [0.626, 0.952, 0.211, 0.368]
Reward: 12   	chromosome: [71, 76, 13, 22]              [0.626, 1.396, 0.145, 0.368]
Reward: 11   	chromosome: [186, 46, 40, 127, 137]       [0.696, 0.396, 0.091, 0.197]
Reward: 10   	chromosome: [229, 96]                     [0.779, 1.078, 0.147, 0.368]
Reward: 10   	chromosome: [199, 103, 33, 6, 3]          [0.721, 0.836, 0.151, 0.3505]
Reward: 10   	chromosome: [67, 96, 205, 180]            [0.626, 0.009, 0.085, 0.368]
Reward: 10   	chromosome: [71, 36]                      [0.779, 1.81, 0.11, 0.368]
Reward: 10   	chromosome: [114, 98, 137]                [0.532, 0.52, 0.034, 0.228]
Reward: 10   	chromosome: [71, 104]                     [0.779, 1.81, 0.145, 0.107]
Reward: 10   	chromosome: [115, 228, 13, 22]            [0.626, 1.939, 0.211, 0.368]
Reward: 10   	chromosome: [71, 76, 13, 22]              [0.779, 1.81, 0.145, 0.368]
Reward: 10   	chromosome: [71, 136]                     [0.626, 1.81, 0.145, 0.368]
Reward: 10   	chromosome: [68, 139, 86, 194, 47]        [0.46, 1.452, 0.226, 0.4825]
Reward: 10   	chromosome: [166, 111, 146, 137]          [0.587, 0.509, 0.039, 0.36]
Reward: 10   	chromosome: [28, 222]                     [0.212, 1.771, 0.239, 0.217]
Reward: 10   	chromosome: [11, 83]                      [0.034, 0.635, 0.226, 0.133]
Reward: 9   	chromosome: [78, 20, 104]                 [0.715, 0.79, 0.11, 0.4305]
Reward: 9   	chromosome: [215, 71, 100, 13]            [0.626, 1.81, 0.11, 0.368]
Reward: 9   	chromosome: [71, 73, 100, 13, 22]         [0.779, 1.81, 0.11, 0.368]
Reward: 9   	chromosome: [33, 197, 222]                [0.244, 0.613, 0.102, 0.215]
Reward: 9   	chromosome: [71, 178, 100]                [0.366, 1.939, 0.11, 0.368]
Reward: 9   	chromosome: [29, 5]                       [0.785, 1.81, 0.1, 0.4545]
Reward: 9   	chromosome: [49, 100]                     [0.637, 1.64, 0.037, 0.368]
Reward: 9   	chromosome: [71, 24, 82, 22]              [0.626, 0.889, 0.145, 0.0005]
Reward: 9   	chromosome: [206, 12, 158]                [0.646, 1.415, 0.074, 0.1245]
Reward: 9   	chromosome: [71, 68]                      [0.626, 1.084, 0.145, 0.368]
Reward: 9   	chromosome: [199, 102, 137]               [0.626, 1.81, 0.211, 0.3475]
Reward: 9   	chromosome: [155, 11, 202]                [0.551, 1.356, 0.214, 0.444]
Reward: 9   	chromosome: [40, 210, 107]                [0.397, 0.075, 0.169, 0.288]
Reward: 9   	chromosome: [196, 19, 159]                [0.1, 1.759, 0.2, 0.442]
Reward: 9   	chromosome: [171, 242, 194]               [0.8, 1.287, 0.154, 0.1015]
Reward: 9   	chromosome: [106, 100, 181, 84, 117]      [0.771, 1.939, 0.066, 0.368]
Reward: 9   	chromosome: [71, 7, 13, 22]               [0.626, 0.362, 0.211, 0.4765]
Reward: 9   	chromosome: [231, 31]                     [0.132, 1.489, 0.159, 0.2355]
Reward: 9   	chromosome: [24, 115, 157]                [0.326, 1.154, 0.146, 0.392]
Reward: 9   	chromosome: [71, 68]                      [0.785, 1.81, 0.11, 0.368]
Reward: 8   	chromosome: [219, 50, 202]                [0.44, 0.363, 0.234, 0.3475]
Reward: 8   	chromosome: [71, 110, 1, 235, 156]        [0.626, 1.81, 0.143, 0.17]
Reward: 8   	chromosome: [87, 100, 13, 22]             [0.626, 1.81, 0.211, 0.368]
Reward: 8   	chromosome: [159, 119]                    [0.548, 1.437, 0.048, 0.2635]
Reward: 8   	chromosome: [84, 53, 139, 88, 218]        [0.118, 0.438, 0.049, 0.0955]
