1144
1376
1454
1778
2556
4092
8021
5996
8140
7640
6260
9250
11666
7851
10300
9350
9717
10639
10828
11914
11176
11487
10854
9742
12550
13815
12210
14173
17099
12855
13642
14227
14603
19831
18083
19109
21826
17947
19288
20162
13850
21107
23627
19290
16908
24875
20666
17658
22494
16056
13282
22977
14738
18593
19955
21011
24293
20922
19135
15688
25927
23349
21173
25143
26914
26518
29583
19957
16763
18950
15811
10136
16931
15439
18491
28375
20976
25585
23392
13676
18464
15155
25624
21664
31423
26146
26289
18520
18624
30016
19629
24526
25417
23200
22096
19780
24467
20123
24472
22637
23075
22301
17833
19742
28093
27999
22637
