1231
1015
1141
1391
1338
1336
1449
1574
1895
1726
2280
2782
3385
5981
5156
5305
6091
9806
8929
9278
10742
9324
11327
10203
9889
9318
10006
10162
13648
9416
11034
11638
8832
10020
10391
10015
9617
9970
9968
11597
9998
6813
8918
7932
10136
10539
13539
15095
15660
17798
15410
13964
15461
14523
15240
15370
15534
12435
15847
16054
15000
15359
15691
13982
15620
16441
15980
16078
15216
14030
14673
13962
14381
13665
14779
15981
14374
13643
15717
15613
14748
15176
15409
15498
17152
16817
15153
15275
13550
14577
16322
14266
16923
12992
15376
13823
16891
17431
14073
14015
15710
15045
17174
14611
14326
16673
14452
15262
15121
16888
16479
16227
15959
15865
15717
15259
15643
14139
12890
15982
17396
16362
17020
15452
15261
16511
15566
16618
14978
17205
17228
18248
17170
16342
17107
16321
16250
15571
16881
16118
15048
16960
17527
18738
16792
16406
