Generation: 10	Total Reward: 7742.0
Reward: 500   	chromosome: [228, 145]                    [0.127, 1.289, 0.192, 0.0645]
Reward: 500   	chromosome: [228, 145]                    [0.127, 1.309, 0.203, 0.0645]
Reward: 500   	chromosome: [228, 145]                    [0.127, 1.309, 0.087, 0.0645]
Reward: 500   	chromosome: [228, 145]                    [0.127, 1.309, 0.039, 0.0645]
Reward: 500   	chromosome: [228, 145]                    [0.127, 1.309, 0.087, 0.0645]
Reward: 500   	chromosome: [228, 145]                    [0.127, 1.289, 0.087, 0.0645]
Reward: 500   	chromosome: [228, 145]                    [0.127, 1.309, 0.192, 0.0645]
Reward: 500   	chromosome: [228, 145]                    [0.127, 1.289, 0.087, 0.0645]
Reward: 404   	chromosome: [228, 145]                    [0.127, 1.309, 0.087, 0.0645]
Reward: 396   	chromosome: [169, 87]                     [0.504, 1.202, 0.191, 0.4585]
Reward: 379   	chromosome: [228, 145]                    [0.127, 0.6, 0.087, 0.0645]
Reward: 368   	chromosome: [228, 145]                    [0.127, 1.309, 0.087, 0.0645]
Reward: 342   	chromosome: [228, 145]                    [0.127, 1.309, 0.087, 0.0645]
Reward: 328   	chromosome: [228, 145]                    [0.127, 1.309, 0.087, 0.0645]
Reward: 168   	chromosome: [228, 145]                    [0.127, 1.309, 0.087, 0.0645]
Reward: 165   	chromosome: [228, 145]                    [0.127, 1.289, 0.192, 0.0645]
Reward: 162   	chromosome: [228, 145]                    [0.127, 1.309, 0.087, 0.0645]
Reward: 110   	chromosome: [228, 145]                    [0.127, 1.309, 0.087, 0.0645]
Reward: 80   	chromosome: [228, 145]                    [0.127, 1.309, 0.192, 0.0645]
Reward: 45   	chromosome: [164, 145]                    [0.127, 1.309, 0.192, 0.0555]
Reward: 44   	chromosome: [164, 145]                    [0.127, 0.819, 0.087, 0.0645]
Reward: 22   	chromosome: [68, 122]                     [0.121, 1.479, 0.051, 0.2095]
Reward: 12   	chromosome: [38, 122, 220]                [0.049, 0.594, 0.049, 0.391]
Reward: 11   	chromosome: [228, 147]                    [0.127, 1.309, 0.087, 0.4505]
Reward: 11   	chromosome: [59, 79, 180, 57, 115]        [0.137, 0.006, 0.103, 0.2255]
Reward: 11   	chromosome: [164, 142, 129]               [0.374, 1.374, 0.227, 0.1735]
Reward: 11   	chromosome: [193, 76, 73, 151, 174]       [0.646, 0.007, 0.019, 0.014]
Reward: 11   	chromosome: [10, 110]                     [0.407, 1.055, 0.194, 0.092]
Reward: 10   	chromosome: [187, 251]                    [0.1, 0.343, 0.077, 0.4885]
Reward: 10   	chromosome: [2, 121, 63, 77]              [0.415, 1.91, 0.15, 0.4405]
Reward: 10   	chromosome: [73, 48, 46]                  [0.14, 0.278, 0.238, 0.0735]
Reward: 10   	chromosome: [104, 179, 240, 149, 23]      [0.127, 1.309, 0.048, 0.0645]
Reward: 10   	chromosome: [230, 195]                    [0.477, 1.289, 0.2, 0.0645]
Reward: 10   	chromosome: [123, 234, 221, 132]          [0.618, 0.721, 0.011, 0.4145]
Reward: 10   	chromosome: [17, 10]                      [0.396, 0.781, 0.046, 0.144]
Reward: 10   	chromosome: [2, 200, 157, 177]            [0.398, 1.279, 0.139, 0.0705]
Reward: 10   	chromosome: [12, 193]                     [0.468, 1.234, 0.087, 0.0105]
Reward: 10   	chromosome: [90, 160, 9]                  [0.247, 0.62, 0.223, 0.187]
Reward: 10   	chromosome: [228, 131, 191, 10]           [0.477, 1.164, 0.2, 0.129]
Reward: 10   	chromosome: [153, 120, 211]               [0.684, 0.637, 0.056, 0.4645]
Reward: 10   	chromosome: [160, 21]                     [0.127, 0.123, 0.087, 0.0645]
Reward: 10   	chromosome: [164, 35]                     [0.127, 1.433, 0.203, 0.0645]
Reward: 10   	chromosome: [247, 243]                    [0.689, 1.126, 0.189, 0.0255]
Reward: 10   	chromosome: [110, 163]                    [0.275, 1.872, 0.222, 0.136]
Reward: 10   	chromosome: [208, 145]                    [0.127, 1.309, 0.087, 0.0645]
Reward: 10   	chromosome: [248, 247, 163, 187]          [0.427, 1.736, 0.107, 0.389]
Reward: 10   	chromosome: [128, 164]                    [0.28, 1.078, 0.226, 0.1995]
Reward: 10   	chromosome: [238, 191, 124]               [0.787, 0.049, 0.04, 0.0035]
Reward: 10   	chromosome: [183, 139, 118, 23]           [0.592, 1.079, 0.154, 0.221]
Reward: 10   	chromosome: [42, 124, 77]                 [0.079, 1.82, 0.182, 0.1645]
Reward: 10   	chromosome: [0, 92]                       [0.783, 0.536, 0.054, 0.1805]
Reward: 10   	chromosome: [108, 82]                     [0.284, 0.393, 0.191, 0.373]
Reward: 10   	chromosome: [249, 236, 106]               [0.394, 1.662, 0.056, 0.299]
Reward: 10   	chromosome: [164, 149]                    [0.397, 1.309, 0.087, 0.186]
Reward: 10   	chromosome: [91, 166, 25, 57]             [0.018, 1.753, 0.106, 0.12]
Reward: 9   	chromosome: [249, 168, 198, 9]            [0.598, 0.499, 0.235, 0.414]
Reward: 9   	chromosome: [171, 220, 30, 215, 191]      [0.631, 0.508, 0.093, 0.3685]
Reward: 9   	chromosome: [112, 160, 127, 188, 150]     [0.218, 0.827, 0.137, 0.255]
Reward: 9   	chromosome: [182, 81]                     [0.059, 0.34, 0.087, 0.3215]
Reward: 9   	chromosome: [224, 17, 191, 10]            [0.127, 1.164, 0.192, 0.129]
Reward: 9   	chromosome: [196, 145, 2]                 [0.127, 1.309, 0.16, 0.0645]
Reward: 9   	chromosome: [228, 147]                    [0.127, 1.349, 0.192, 0.0645]
Reward: 9   	chromosome: [224, 145]                    [0.127, 1.289, 0.192, 0.0645]
Reward: 9   	chromosome: [228, 187]                    [0.127, 1.309, 0.087, 0.497]
Reward: 9   	chromosome: [137, 214, 53, 80]            [0.215, 0.397, 0.179, 0.296]
Reward: 9   	chromosome: [104, 103, 254]               [0.721, 0.958, 0.19, 0.0495]
Reward: 9   	chromosome: [127, 102]                    [0.317, 0.351, 0.141, 0.164]
Reward: 9   	chromosome: [67, 26, 160]                 [0.103, 1.666, 0.09, 0.302]
Reward: 9   	chromosome: [62, 86]                      [0.762, 0.396, 0.093, 0.023]
Reward: 9   	chromosome: [180, 46, 114, 11]            [0.64, 0.091, 0.082, 0.1665]
Reward: 9   	chromosome: [245, 16]                     [0.127, 1.309, 0.087, 0.0645]
Reward: 9   	chromosome: [226, 81]                     [0.127, 1.309, 0.087, 0.0645]
Reward: 9   	chromosome: [228, 17]                     [0.155, 1.289, 0.007, 0.0645]
Reward: 9   	chromosome: [212, 148]                    [0.127, 1.309, 0.192, 0.497]
Reward: 9   	chromosome: [221, 135, 122, 103, 9]       [0.139, 0.643, 0.151, 0.0595]
Reward: 9   	chromosome: [229, 145]                    [0.304, 1.309, 0.061, 0.1885]
Reward: 9   	chromosome: [239, 122]                    [0.46, 0.923, 0.148, 0.4295]
Reward: 9   	chromosome: [205, 155, 145, 197, 254]     [0.63, 1.86, 0.239, 0.2065]
Reward: 9   	chromosome: [224, 242]                    [0.024, 1.419, 0.204, 0.217]
Reward: 9   	chromosome: [123, 184, 64]                [0.66, 0.603, 0.146, 0.1175]
Reward: 9   	chromosome: [253, 193, 207]               [0.588, 0.692, 0.072, 0.4555]
Reward: 9   	chromosome: [165, 189]                    [0.458, 0.618, 0.163, 0.398]
Reward: 9   	chromosome: [178, 118]                    [0.273, 1.858, 0.219, 0.3345]
Reward: 9   	chromosome: [235, 194, 249]               [0.798, 1.359, 0.227, 0.4325]
Reward: 9   	chromosome: [137, 232]                    [0.161, 1.048, 0.071, 0.208]
Reward: 9   	chromosome: [90, 38, 178, 9, 203]         [0.617, 0.714, 0.173, 0.241]
Reward: 9   	chromosome: [196, 129]                    [0.127, 1.309, 0.087, 0.0645]
Reward: 8   	chromosome: [228, 153, 72]                [0.021, 1.289, 0.192, 0.0645]
Reward: 8   	chromosome: [200, 117, 31, 25]            [0.272, 1.309, 0.23, 0.0645]
Reward: 8   	chromosome: [149, 48, 223]                [0.543, 0.8, 0.004, 0.1985]
Reward: 8   	chromosome: [128, 170, 45, 5, 40]         [0.187, 0.62, 0.197, 0.112]
Reward: 8   	chromosome: [48, 21, 127, 56, 246]        [0.679, 0.245, 0.121, 0.0655]
Reward: 8   	chromosome: [145, 237, 143, 161]          [0.496, 1.619, 0.234, 0.137]
Reward: 8   	chromosome: [73, 84, 153, 108, 228]       [0.729, 0.104, 0.176, 0.357]
Reward: 8   	chromosome: [203, 43, 168, 97, 58]        [0.542, 1.938, 0.038, 0.128]
Reward: 8   	chromosome: [164, 209]                    [0.127, 1.309, 0.087, 0.0645]
Reward: 8   	chromosome: [224, 152]                    [0.397, 1.309, 0.135, 0.0645]
Reward: 8   	chromosome: [197, 174, 255]               [0.539, 0.273, 0.199, 0.473]
Reward: 8   	chromosome: [228, 81]                     [0.127, 1.309, 0.192, 0.0645]
Reward: 8   	chromosome: [97, 168, 193]                [0.715, 0.526, 0.187, 0.2035]
