Generation: 14	Total Reward: 3010.0
Reward: 274   	chromosome: [254, 196, 169, 160]          [0.556, 0.924, 0.029, 0.229]
Reward: 247   	chromosome: [254, 196, 169, 160]          [0.132, 1.38, 0.178, 0.167]
Reward: 236   	chromosome: [254, 196, 169, 160]          [0.068, 0.924, 0.029, 0.353]
Reward: 180   	chromosome: [254, 196, 169, 160]          [0.154, 0.908, 0.14, 0.0765]
Reward: 170   	chromosome: [254, 196, 169, 160]          [0.132, 0.311, 0.14, 0.409]
Reward: 161   	chromosome: [254, 196, 169, 160]          [0.083, 0.924, 0.029, 0.353]
Reward: 154   	chromosome: [254, 196, 169, 160]          [0.154, 0.311, 0.14, 0.229]
Reward: 153   	chromosome: [254, 196, 169, 160]          [0.556, 0.241, 0.029, 0.229]
Reward: 152   	chromosome: [254, 196, 169, 160]          [0.451, 0.311, 0.031, 0.229]
Reward: 138   	chromosome: [254, 196, 169, 160]          [0.451, 0.908, 0.071, 0.0585]
Reward: 109   	chromosome: [198, 222, 169, 160]          [0.076, 0.864, 0.071, 0.0585]
Reward: 62   	chromosome: [165, 54, 88, 244]            [0.751, 0.929, 0.072, 0.054]
Reward: 61   	chromosome: [201, 55, 122]                [0.439, 0.276, 0.135, 0.4545]
Reward: 55   	chromosome: [254, 196, 169, 160]          [0.556, 0.024, 0.029, 0.229]
Reward: 38   	chromosome: [107, 169, 78, 186, 99]       [0.458, 0.579, 0.175, 0.306]
Reward: 23   	chromosome: [188, 62]                     [0.558, 1.04, 0.082, 0.2275]
Reward: 17   	chromosome: [150, 193, 238, 150]          [0.795, 1.578, 0.217, 0.1145]
Reward: 11   	chromosome: [74, 250, 189, 47, 144]       [0.565, 0.295, 0.092, 0.149]
Reward: 11   	chromosome: [86, 12]                      [0.046, 1.96, 0.014, 0.0115]
Reward: 11   	chromosome: [188, 84, 141]                [0.433, 0.293, 0.233, 0.1355]
Reward: 11   	chromosome: [71, 70, 138, 122]            [0.382, 0.577, 0.179, 0.4105]
Reward: 11   	chromosome: [180, 65, 78]                 [0.753, 0.606, 0.216, 0.4195]
Reward: 11   	chromosome: [227, 187, 23, 161, 165]      [0.082, 0.566, 0.13, 0.303]
Reward: 11   	chromosome: [186, 15, 109, 150]           [0.702, 0.722, 0.031, 0.069]
Reward: 11   	chromosome: [32, 231, 201, 5]             [0.718, 1.438, 0.032, 0.0125]
Reward: 11   	chromosome: [254, 169, 169, 160]          [0.319, 0.924, 0.04, 0.0595]
Reward: 10   	chromosome: [254, 196, 169, 160, 167]     [0.556, 0.996, 0.029, 0.115]
Reward: 10   	chromosome: [116, 234, 153]               [0.728, 1.0, 0.207, 0.007]
Reward: 10   	chromosome: [115, 4, 132, 138]            [0.709, 1.316, 0.224, 0.0385]
Reward: 10   	chromosome: [145, 181, 141]               [0.097, 1.995, 0.19, 0.167]
Reward: 10   	chromosome: [219, 192, 3, 134]            [0.426, 0.138, 0.152, 0.1705]
Reward: 10   	chromosome: [39, 139, 109]                [0.19, 0.332, 0.053, 0.4775]
Reward: 10   	chromosome: [254, 196]                    [0.451, 0.908, 0.178, 0.229]
Reward: 10   	chromosome: [244, 122, 169, 160]          [0.71, 1.688, 0.221, 0.0595]
Reward: 10   	chromosome: [28, 219, 80, 172]            [0.569, 0.168, 0.135, 0.3965]
Reward: 10   	chromosome: [254, 196, 169, 42]           [0.083, 0.924, 0.031, 0.353]
Reward: 10   	chromosome: [11, 212]                     [0.103, 0.782, 0.12, 0.3715]
Reward: 10   	chromosome: [112, 116, 240]               [0.013, 1.939, 0.111, 0.1825]
Reward: 10   	chromosome: [254, 196, 144, 160]          [0.771, 0.205, 0.187, 0.2245]
Reward: 10   	chromosome: [118, 163, 19, 95]            [0.309, 1.894, 0.139, 0.4065]
Reward: 10   	chromosome: [186, 93, 14, 222, 181]       [0.791, 1.326, 0.031, 0.2275]
Reward: 10   	chromosome: [169, 64, 95]                 [0.493, 1.048, 0.237, 0.001]
Reward: 10   	chromosome: [254, 7, 169, 160]            [0.771, 1.734, 0.14, 0.192]
Reward: 10   	chromosome: [116, 82, 109, 85]            [0.382, 1.733, 0.142, 0.3]
Reward: 10   	chromosome: [61, 25, 175]                 [0.242, 0.393, 0.062, 0.161]
Reward: 10   	chromosome: [9, 255, 33, 207]             [0.277, 1.694, 0.036, 0.281]
Reward: 10   	chromosome: [102, 214, 82]                [0.26, 1.978, 0.23, 0.0365]
Reward: 10   	chromosome: [22, 196, 144, 160]           [0.616, 1.279, 0.187, 0.053]
Reward: 10   	chromosome: [22, 164, 233]                [0.792, 1.4, 0.221, 0.209]
Reward: 10   	chromosome: [40, 0, 220, 138]             [0.533, 1.348, 0.072, 0.084]
Reward: 10   	chromosome: [254, 196, 169, 42]           [0.416, 0.864, 0.178, 0.0715]
Reward: 10   	chromosome: [143, 37, 37, 230, 229]       [0.21, 0.598, 0.139, 0.1805]
Reward: 9   	chromosome: [183, 57, 163, 36]            [0.077, 0.241, 0.134, 0.229]
Reward: 9   	chromosome: [193, 251, 72, 193, 20]       [0.432, 0.632, 0.086, 0.0505]
Reward: 9   	chromosome: [254, 196, 169, 42]           [0.132, 0.864, 0.178, 0.229]
Reward: 9   	chromosome: [254, 78, 59, 249, 10]        [0.053, 0.505, 0.128, 0.262]
Reward: 9   	chromosome: [89, 196, 169, 160]           [0.307, 0.241, 0.016, 0.256]
Reward: 9   	chromosome: [254, 215, 169, 160]          [0.132, 0.241, 0.119, 0.229]
Reward: 9   	chromosome: [142, 160, 183, 70]           [0.233, 1.373, 0.041, 0.2885]
Reward: 9   	chromosome: [244, 196]                    [0.055, 1.688, 0.135, 0.0595]
Reward: 9   	chromosome: [6, 196, 169, 160]            [0.475, 0.311, 0.029, 0.229]
Reward: 9   	chromosome: [145, 172]                    [0.058, 0.472, 0.124, 0.2865]
Reward: 9   	chromosome: [72, 72]                      [0.28, 1.366, 0.063, 0.0295]
Reward: 9   	chromosome: [89, 29]                      [0.329, 1.429, 0.194, 0.313]
Reward: 9   	chromosome: [250, 217, 88]                [0.067, 1.807, 0.144, 0.362]
Reward: 9   	chromosome: [28, 165, 34, 127, 182]       [0.624, 0.219, 0.13, 0.144]
Reward: 9   	chromosome: [254, 239, 169, 160]          [0.132, 0.311, 0.178, 0.409]
Reward: 9   	chromosome: [254, 196, 124, 160]          [0.132, 0.363, 0.029, 0.0715]
Reward: 9   	chromosome: [154, 217]                    [0.311, 1.706, 0.069, 0.3785]
Reward: 9   	chromosome: [183, 196, 169, 160]          [0.055, 1.734, 0.135, 0.0585]
Reward: 9   	chromosome: [33, 163, 84]                 [0.654, 1.015, 0.147, 0.44]
Reward: 9   	chromosome: [245, 189, 82, 133, 252]      [0.127, 1.32, 0.076, 0.158]
Reward: 9   	chromosome: [223, 188, 87]                [0.099, 0.974, 0.113, 0.015]
Reward: 9   	chromosome: [169, 6, 138, 240, 98]        [0.185, 0.533, 0.11, 0.111]
Reward: 9   	chromosome: [131, 231]                    [0.537, 0.865, 0.097, 0.0965]
Reward: 9   	chromosome: [43, 161, 178, 143, 69]       [0.575, 1.254, 0.058, 0.12]
Reward: 9   	chromosome: [128, 212, 101, 181]          [0.354, 1.925, 0.098, 0.25]
Reward: 9   	chromosome: [250, 31, 88]                 [0.07, 0.852, 0.12, 0.002]
Reward: 9   	chromosome: [72, 241, 137]                [0.759, 1.958, 0.117, 0.348]
Reward: 9   	chromosome: [151, 167, 161]               [0.381, 0.425, 0.215, 0.176]
Reward: 9   	chromosome: [5, 12, 180]                  [0.541, 0.878, 0.141, 0.122]
Reward: 9   	chromosome: [72, 246]                     [0.59, 1.626, 0.132, 0.133]
Reward: 9   	chromosome: [183, 82, 98, 155]            [0.771, 1.734, 0.233, 0.0585]
Reward: 9   	chromosome: [254, 196, 124, 160]          [0.132, 0.908, 0.187, 0.229]
Reward: 9   	chromosome: [205, 61]                     [0.089, 0.121, 0.223, 0.177]
Reward: 9   	chromosome: [198, 222, 124, 160]          [0.076, 0.864, 0.029, 0.0715]
Reward: 9   	chromosome: [192, 114, 233]               [0.532, 0.631, 0.24, 0.1155]
Reward: 9   	chromosome: [255, 196, 169, 160]          [0.514, 0.363, 0.193, 0.0585]
Reward: 9   	chromosome: [254, 196, 169, 80]           [0.154, 0.924, 0.14, 0.353]
Reward: 8   	chromosome: [254, 122, 4, 160]            [0.71, 0.205, 0.221, 0.2245]
Reward: 8   	chromosome: [254, 242, 55]                [0.556, 0.024, 0.14, 0.229]
Reward: 8   	chromosome: [110, 7]                      [0.314, 1.808, 0.051, 0.4585]
Reward: 8   	chromosome: [254, 196, 144, 143]          [0.132, 0.405, 0.108, 0.0585]
Reward: 8   	chromosome: [123, 30, 15, 151, 254]       [0.235, 0.687, 0.181, 0.1975]
Reward: 8   	chromosome: [80, 89, 173, 68]             [0.481, 0.609, 0.095, 0.4525]
Reward: 8   	chromosome: [254, 11, 169, 160]           [0.018, 0.699, 0.12, 0.247]
Reward: 8   	chromosome: [3, 64]                       [0.154, 0.311, 0.187, 0.194]
Reward: 8   	chromosome: [200, 218, 104, 30]           [0.154, 1.434, 0.11, 0.4285]
Reward: 8   	chromosome: [254, 196, 206, 133, 2]       [0.132, 0.131, 0.071, 0.229]
Reward: 8   	chromosome: [196, 196, 169, 160]          [0.083, 0.241, 0.029, 0.353]
