Generation: 17	Total Reward: 5979.0
Reward: 283   	chromosome: [132, 81]                     [0.363, 0.708, 0.0315, 0.7175]
Reward: 249   	chromosome: [132, 81]                     [0.0615, 0.708, 0.0315, 0.66875]
Reward: 244   	chromosome: [202, 121]                    [0.363, 0.244, 0.048, 0.32875]
Reward: 235   	chromosome: [132, 81]                     [0.3025, 0.2765, 0.015, 0.741]
Reward: 234   	chromosome: [132, 81]                     [0.0615, 0.244, 0.0315, 0.32875]
Reward: 217   	chromosome: [202, 121]                    [0.3025, 0.708, 0.0525, 0.32875]
Reward: 216   	chromosome: [202, 121]                    [0.0615, 0.461, 0.0315, 0.32875]
Reward: 214   	chromosome: [202, 121]                    [0.0615, 0.244, 0.0315, 0.65975]
Reward: 212   	chromosome: [132, 81]                     [0.3025, 0.708, 0.0625, 0.53]
Reward: 212   	chromosome: [132, 81]                     [0.363, 0.708, 0.103, 0.21225]
Reward: 210   	chromosome: [132, 81]                     [0.3025, 0.708, 0.0525, 0.6405]
Reward: 207   	chromosome: [202, 121]                    [0.3025, 0.244, 0.0525, 0.32875]
Reward: 185   	chromosome: [132, 81]                     [0.0615, 0.411, 0.0525, 0.32875]
Reward: 184   	chromosome: [132, 81]                     [0.3025, 0.708, 0.048, 0.6405]
Reward: 175   	chromosome: [202, 121]                    [0.3025, 0.411, 0.0315, 0.388]
Reward: 159   	chromosome: [202, 121]                    [0.3025, 0.244, 0.0525, 0.6405]
Reward: 155   	chromosome: [202, 121]                    [0.3025, 0.411, 0.0315, 0.6405]
Reward: 154   	chromosome: [202, 121]                    [0.0615, 0.244, 0.048, 0.66875]
Reward: 154   	chromosome: [158, 132, 81]                [0.307, 0.244, 0.0315, 0.32875]
Reward: 152   	chromosome: [202, 121]                    [0.3025, 0.461, 0.0525, 0.7175]
Reward: 149   	chromosome: [202, 121]                    [0.3025, 0.411, 0.1055, 0.7175]
Reward: 149   	chromosome: [132, 81]                     [0.0615, 0.244, 0.0315, 0.7175]
Reward: 146   	chromosome: [202, 121]                    [0.0615, 0.244, 0.0315, 0.66875]
Reward: 145   	chromosome: [235, 79]                     [0.3365, 0.2465, 0.0525, 0.32875]
Reward: 141   	chromosome: [132, 81]                     [0.3025, 0.244, 0.048, 0.66875]
Reward: 140   	chromosome: [202, 121]                    [0.2595, 0.411, 0.1055, 0.7175]
Reward: 137   	chromosome: [132, 81]                     [0.3025, 0.2465, 0.0525, 0.6405]
Reward: 78   	chromosome: [235, 79]                     [0.3365, 0.708, 0.0625, 0.53]
Reward: 65   	chromosome: [117, 28, 15, 64, 222]        [0.398, 0.7735, 0.098, 0.3405]
Reward: 47   	chromosome: [139, 134, 180, 86]           [0.016, 0.7035, 0.116, 0.502]
Reward: 36   	chromosome: [132, 121]                    [0.307, 0.708, 0.103, 0.21225]
Reward: 31   	chromosome: [121, 121]                    [0.0615, 0.708, 0.054, 0.6405]
Reward: 19   	chromosome: [81, 132]                     [0.3025, 0.411, 0.048, 0.6405]
Reward: 19   	chromosome: [121, 202]                    [0.2595, 0.411, 0.054, 0.6405]
Reward: 13   	chromosome: [198, 248, 186, 99]           [0.1005, 0.831, 0.06, 0.5155]
Reward: 11   	chromosome: [122, 119]                    [0.022, 0.573, 0.0745, 0.1735]
Reward: 11   	chromosome: [75, 156]                     [0.3935, 0.046, 0.044, 0.48475]
Reward: 11   	chromosome: [140, 144, 75, 88, 39]        [0.248, 0.7185, 0.045, 0.24075]
Reward: 11   	chromosome: [96, 2, 255, 174, 51]         [0.2725, 0.6, 0.107, 0.42975]
Reward: 11   	chromosome: [80, 141, 157, 140]           [0.0315, 0.933, 0.014, 0.11225]
Reward: 11   	chromosome: [121, 121]                    [0.3025, 0.34, 0.0525, 0.32875]
Reward: 10   	chromosome: [54, 71, 90]                  [0.1795, 0.836, 0.009, 0.18475]
Reward: 10   	chromosome: [101, 11, 132]                [0.09, 0.5025, 0.0135, 0.15825]
Reward: 10   	chromosome: [175, 180, 138, 140, 82]      [0.3975, 0.5435, 0.0965, 0.3715]
Reward: 10   	chromosome: [212, 191, 27]                [0.0505, 0.6695, 0.0535, 0.58975]
Reward: 10   	chromosome: [245, 68]                     [0.3925, 0.2995, 0.095, 0.53225]
Reward: 10   	chromosome: [58, 138, 38]                 [0.0735, 0.9405, 0.002, 0.25075]
Reward: 10   	chromosome: [202, 81]                     [0.0615, 0.244, 0.1055, 0.6405]
Reward: 10   	chromosome: [121, 132]                    [0.0615, 0.244, 0.054, 0.32875]
Reward: 10   	chromosome: [9, 130]                      [0.0055, 0.9575, 0.015, 0.349]
Reward: 10   	chromosome: [197, 169, 222, 2]            [0.391, 0.233, 0.087, 0.44875]
Reward: 10   	chromosome: [158, 81, 202]                [0.0615, 0.244, 0.0315, 0.32875]
Reward: 10   	chromosome: [17, 222, 188]                [0.085, 0.826, 0.004, 0.57025]
Reward: 10   	chromosome: [121, 132]                    [0.0615, 0.244, 0.0315, 0.6405]
Reward: 10   	chromosome: [81, 202]                     [0.0615, 0.244, 0.0315, 0.66875]
Reward: 10   	chromosome: [104, 45, 241, 16, 155]       [0.335, 0.4675, 0.0775, 0.3625]
Reward: 10   	chromosome: [118, 132]                    [0.3025, 0.708, 0.0525, 0.6405]
Reward: 10   	chromosome: [132, 202]                    [0.3025, 0.708, 0.048, 0.6405]
Reward: 10   	chromosome: [182, 222, 80, 21]            [0.091, 0.612, 0.042, 0.3705]
Reward: 10   	chromosome: [121, 81]                     [0.2595, 0.411, 0.1055, 0.7175]
Reward: 10   	chromosome: [145, 121]                    [0.0615, 0.708, 0.1055, 0.7175]
Reward: 10   	chromosome: [121, 132]                    [0.3025, 0.708, 0.048, 0.6405]
Reward: 10   	chromosome: [202, 154]                    [0.0255, 0.708, 0.0255, 0.32875]
Reward: 10   	chromosome: [62, 132]                     [0.3025, 0.708, 0.048, 0.6405]
Reward: 10   	chromosome: [202, 81]                     [0.3025, 0.411, 0.1055, 0.32875]
Reward: 10   	chromosome: [121, 132]                    [0.3025, 0.708, 0.0525, 0.7175]
Reward: 10   	chromosome: [81, 202]                     [0.3025, 0.244, 0.1055, 0.7175]
Reward: 10   	chromosome: [132, 121]                    [0.0615, 0.244, 0.0315, 0.32875]
Reward: 9   	chromosome: [58, 11, 146]                 [0.191, 1.0, 0.1115, 0.0335]
Reward: 9   	chromosome: [202, 145]                    [0.0615, 0.708, 0.0315, 0.6405]
Reward: 9   	chromosome: [119, 112]                    [0.3295, 0.2445, 0.06, 0.26125]
Reward: 9   	chromosome: [23, 23, 91, 226, 107]        [0.09, 0.8655, 0.02, 0.5485]
Reward: 9   	chromosome: [162, 169, 160, 219, 57]      [0.068, 0.886, 0.0395, 0.09975]
Reward: 9   	chromosome: [121, 132]                    [0.3025, 0.0725, 0.0315, 0.7175]
Reward: 9   	chromosome: [140, 199, 171, 248, 239]     [0.363, 0.967, 0.0055, 0.226]
Reward: 9   	chromosome: [132, 81, 185]                [0.3025, 0.244, 0.048, 0.741]
Reward: 9   	chromosome: [237, 62]                     [0.301, 0.316, 0.109, 0.0525]
Reward: 9   	chromosome: [38, 45]                      [0.18, 0.244, 0.0315, 0.4515]
Reward: 9   	chromosome: [202, 81]                     [0.3025, 0.708, 0.0525, 0.65975]
Reward: 9   	chromosome: [78, 3, 104, 183]             [0.212, 0.3505, 0.0345, 0.6965]
Reward: 9   	chromosome: [121, 81]                     [0.0615, 0.708, 0.0315, 0.6405]
Reward: 9   	chromosome: [112, 252, 124]               [0.215, 0.704, 0.112, 0.22225]
Reward: 9   	chromosome: [81, 121]                     [0.3025, 0.411, 0.0315, 0.6405]
Reward: 9   	chromosome: [202, 81]                     [0.3025, 0.708, 0.0525, 0.6405]
Reward: 9   	chromosome: [132, 132]                    [0.3025, 0.411, 0.057, 0.32875]
Reward: 9   	chromosome: [81, 228]                     [0.098, 0.411, 0.0525, 0.388]
Reward: 9   	chromosome: [202, 81]                     [0.048, 0.708, 0.048, 0.6405]
Reward: 9   	chromosome: [132, 132]                    [0.3025, 0.708, 0.0525, 0.32875]
Reward: 9   	chromosome: [81, 145]                     [0.3025, 0.411, 0.1045, 0.6405]
Reward: 8   	chromosome: [119, 201, 114, 113]          [0.1715, 0.793, 0.0535, 0.40875]
Reward: 8   	chromosome: [155, 24, 134, 53]            [0.1855, 0.823, 0.0015, 0.332]
Reward: 8   	chromosome: [231, 248, 58]                [0.345, 0.724, 0.0645, 0.43775]
Reward: 8   	chromosome: [126, 68]                     [0.197, 0.702, 0.0455, 0.6855]
Reward: 8   	chromosome: [202, 81]                     [0.0615, 0.411, 0.0315, 0.32875]
Reward: 8   	chromosome: [13, 107, 55, 33, 162]        [0.1595, 0.786, 0.072, 0.03075]
Reward: 8   	chromosome: [142, 187]                    [0.104, 0.8915, 0.1085, 0.429]
Reward: 8   	chromosome: [132, 121]                    [0.363, 0.244, 0.0315, 0.32875]
Reward: 8   	chromosome: [202, 132]                    [0.3025, 0.411, 0.0525, 0.388]
Reward: 8   	chromosome: [121, 81]                     [0.0615, 0.708, 0.0315, 0.6405]
Reward: 8   	chromosome: [183, 225]                    [0.097, 0.5055, 0.106, 0.4855]
