Generation: 19	Total Reward: 6308.0
Reward: 319   	chromosome: [132, 81]                     [0.307, 0.708, 0.0525, 0.6405]
Reward: 251   	chromosome: [202, 121]                    [0.3025, 0.411, 0.1055, 0.21225]
Reward: 247   	chromosome: [132, 81]                     [0.0615, 0.244, 0.0525, 0.32875]
Reward: 246   	chromosome: [179, 215]                    [0.261, 0.51, 0.0955, 0.6405]
Reward: 243   	chromosome: [132, 81]                     [0.0615, 0.708, 0.0315, 0.66875]
Reward: 242   	chromosome: [132, 81]                     [0.3025, 0.411, 0.015, 0.741]
Reward: 238   	chromosome: [132, 81]                     [0.0615, 0.461, 0.015, 0.741]
Reward: 232   	chromosome: [202, 121]                    [0.3025, 0.708, 0.0525, 0.6405]
Reward: 231   	chromosome: [202, 121]                    [0.363, 0.244, 0.048, 0.32875]
Reward: 227   	chromosome: [132, 81]                     [0.0615, 0.2465, 0.0315, 0.7175]
Reward: 223   	chromosome: [202, 121]                    [0.3025, 0.411, 0.0315, 0.53]
Reward: 221   	chromosome: [202, 121]                    [0.3025, 0.461, 0.0525, 0.6405]
Reward: 216   	chromosome: [202, 121]                    [0.0615, 0.244, 0.0525, 0.32875]
Reward: 214   	chromosome: [202, 121]                    [0.3025, 0.2765, 0.0315, 0.6405]
Reward: 210   	chromosome: [202, 121]                    [0.3025, 0.244, 0.1055, 0.66875]
Reward: 202   	chromosome: [202, 121]                    [0.3025, 0.708, 0.0625, 0.32875]
Reward: 176   	chromosome: [202, 121]                    [0.3025, 0.159, 0.0315, 0.7175]
Reward: 173   	chromosome: [132, 81]                     [0.0615, 0.708, 0.0525, 0.66875]
Reward: 173   	chromosome: [132, 81]                     [0.3025, 0.836, 0.015, 0.18475]
Reward: 172   	chromosome: [132, 81]                     [0.0615, 0.461, 0.0315, 0.20375]
Reward: 169   	chromosome: [202, 121]                    [0.0615, 0.411, 0.0525, 0.32875]
Reward: 160   	chromosome: [132, 81]                     [0.3025, 0.708, 0.0525, 0.6405]
Reward: 149   	chromosome: [202, 121]                    [0.0615, 0.461, 0.0315, 0.7175]
Reward: 144   	chromosome: [132, 81]                     [0.3025, 0.2765, 0.015, 0.741]
Reward: 144   	chromosome: [235, 79]                     [0.3365, 0.411, 0.0525, 0.32875]
Reward: 137   	chromosome: [84, 67, 189, 182]            [0.3885, 0.093, 0.12, 0.401]
Reward: 133   	chromosome: [202, 121]                    [0.0615, 0.411, 0.0315, 0.32875]
Reward: 89   	chromosome: [9, 25]                       [0.3835, 0.005, 0.1155, 0.32875]
Reward: 32   	chromosome: [166, 79]                     [0.3365, 0.7975, 0.0525, 0.32875]
Reward: 26   	chromosome: [81, 132]                     [0.0615, 0.411, 0.103, 0.32875]
Reward: 19   	chromosome: [132, 121]                    [0.0615, 0.244, 0.0315, 0.21225]
Reward: 19   	chromosome: [121, 90]                     [0.1795, 0.2765, 0.1055, 0.741]
Reward: 11   	chromosome: [235, 121]                    [0.3025, 0.2765, 0.0525, 0.32875]
Reward: 10   	chromosome: [194, 197, 36, 200]           [0.116, 0.8615, 0.018, 0.70475]
Reward: 10   	chromosome: [78, 36, 23, 39, 195]         [0.346, 0.5725, 0.0675, 0.148]
Reward: 10   	chromosome: [50, 27, 148]                 [0.338, 0.6995, 0.051, 0.192]
Reward: 10   	chromosome: [63, 129, 27]                 [0.23, 0.239, 0.0125, 0.62875]
Reward: 10   	chromosome: [202, 23, 138]                [0.0005, 0.4585, 0.0525, 0.5865]
Reward: 10   	chromosome: [121, 41, 73]                 [0.0615, 0.491, 0.0125, 0.20375]
Reward: 10   	chromosome: [121, 132]                    [0.0615, 0.2465, 0.0315, 0.7175]
Reward: 10   	chromosome: [202, 81]                     [0.363, 0.244, 0.0315, 0.7175]
Reward: 10   	chromosome: [132, 166, 81]                [0.3025, 0.244, 0.1055, 0.56075]
Reward: 10   	chromosome: [174, 61, 88, 71]             [0.0205, 0.0785, 0.029, 0.337]
Reward: 10   	chromosome: [244, 153]                    [0.123, 0.003, 0.035, 0.73925]
Reward: 10   	chromosome: [72, 203, 166, 132, 81]       [0.3185, 0.7975, 0.0065, 0.32875]
Reward: 10   	chromosome: [139, 152]                    [0.0615, 0.244, 0.0315, 0.703]
Reward: 10   	chromosome: [180, 158, 127, 221]          [0.059, 0.233, 0.0875, 0.258]
Reward: 10   	chromosome: [100, 103]                    [0.357, 0.6355, 0.0215, 0.0745]
Reward: 10   	chromosome: [81, 121]                     [0.0615, 0.708, 0.1055, 0.355]
Reward: 10   	chromosome: [144, 92, 96, 116, 34]        [0.1975, 0.454, 0.065, 0.29175]
Reward: 10   	chromosome: [39, 255, 38, 129, 68]        [0.319, 0.5235, 0.097, 0.6095]
Reward: 10   	chromosome: [202, 81]                     [0.3025, 0.2765, 0.0525, 0.32875]
Reward: 10   	chromosome: [157, 17, 73, 13, 184]        [0.3035, 0.1195, 0.0565, 0.6055]
Reward: 10   	chromosome: [21, 5, 160, 239]             [0.0735, 0.8115, 0.0865, 0.73925]
Reward: 10   	chromosome: [129, 215, 162, 79, 235]      [0.261, 0.244, 0.0955, 0.43475]
Reward: 10   	chromosome: [222, 178]                    [0.242, 0.0355, 0.084, 0.54]
Reward: 10   	chromosome: [165, 202, 121]               [0.0615, 0.244, 0.0525, 0.6505]
Reward: 10   	chromosome: [239, 19]                     [0.1595, 0.166, 0.1185, 0.19675]
Reward: 10   	chromosome: [121, 79]                     [0.0615, 0.244, 0.0525, 0.20375]
Reward: 10   	chromosome: [235, 132]                    [0.3025, 0.708, 0.0525, 0.32875]
Reward: 9   	chromosome: [49, 107, 126]                [0.1615, 0.6065, 0.076, 0.06875]
Reward: 9   	chromosome: [211, 81, 22, 20]             [0.1135, 0.5965, 0.1135, 0.30625]
Reward: 9   	chromosome: [165, 195, 21, 27]            [0.375, 0.8045, 0.0065, 0.57375]
Reward: 9   	chromosome: [158, 132]                    [0.3025, 0.244, 0.0525, 0.32875]
Reward: 9   	chromosome: [167, 223]                    [0.171, 0.5675, 0.067, 0.708]
Reward: 9   	chromosome: [27, 129]                     [0.2675, 0.721, 0.089, 0.58125]
Reward: 9   	chromosome: [26, 69, 9]                   [0.395, 0.32, 0.002, 0.657]
Reward: 9   	chromosome: [155, 24]                     [0.3025, 0.823, 0.048, 0.332]
Reward: 9   	chromosome: [72, 203, 166, 132, 81]       [0.3185, 0.7975, 0.0065, 0.6405]
Reward: 9   	chromosome: [139, 152]                    [0.3025, 0.708, 0.0625, 0.703]
Reward: 9   	chromosome: [139, 180]                    [0.0615, 0.708, 0.0315, 0.502]
Reward: 9   	chromosome: [129, 158, 196]               [0.0785, 0.602, 0.0265, 0.63675]
Reward: 9   	chromosome: [58, 132, 70, 100]            [0.1265, 0.668, 0.043, 0.1625]
Reward: 9   	chromosome: [119, 68, 13]                 [0.115, 0.9765, 0.0145, 0.0385]
Reward: 9   	chromosome: [150, 130, 25]                [0.3295, 0.752, 0.0485, 0.05775]
Reward: 9   	chromosome: [132, 81, 42]                 [0.3855, 0.708, 0.015, 0.741]
Reward: 9   	chromosome: [213, 207, 10]                [0.113, 0.155, 0.0995, 0.09525]
Reward: 9   	chromosome: [139, 204, 17, 167, 123]      [0.0045, 0.367, 0.1005, 0.34575]
Reward: 9   	chromosome: [129, 162, 79, 202, 121]      [0.3025, 0.411, 0.0315, 0.43475]
Reward: 9   	chromosome: [202, 213, 121]               [0.0615, 0.244, 0.0525, 0.32875]
Reward: 9   	chromosome: [179, 79]                     [0.3365, 0.51, 0.0525, 0.32875]
Reward: 9   	chromosome: [202, 81]                     [0.3025, 0.411, 0.0625, 0.558]
Reward: 9   	chromosome: [139, 72, 152, 203, 235]      [0.3185, 0.244, 0.0065, 0.703]
Reward: 9   	chromosome: [202, 81]                     [0.363, 0.244, 0.103, 0.7175]
Reward: 9   	chromosome: [210, 230, 115, 212]          [0.2435, 0.8735, 0.0015, 0.7465]
Reward: 9   	chromosome: [217, 193]                    [0.092, 0.606, 0.0315, 0.4755]
Reward: 9   	chromosome: [81, 121]                     [0.3025, 0.411, 0.0315, 0.53]
Reward: 9   	chromosome: [132, 202]                    [0.0615, 0.461, 0.0315, 0.32875]
Reward: 9   	chromosome: [202, 235]                    [0.3365, 0.461, 0.0525, 0.32875]
Reward: 9   	chromosome: [10, 81]                      [0.3025, 0.708, 0.0525, 0.6405]
Reward: 8   	chromosome: [99, 221]                     [0.003, 0.01, 0.025, 0.6055]
Reward: 8   	chromosome: [253, 142, 166]               [0.125, 0.8425, 0.035, 0.24]
Reward: 8   	chromosome: [212, 107, 227]               [0.3465, 0.8765, 0.0505, 0.32325]
Reward: 8   	chromosome: [132, 202]                    [0.3025, 0.411, 0.0315, 0.21225]
Reward: 8   	chromosome: [121, 132]                    [0.3025, 0.708, 0.015, 0.741]
Reward: 8   	chromosome: [74, 84]                      [0.3655, 0.7125, 0.0175, 0.043]
Reward: 8   	chromosome: [121, 132]                    [0.3275, 0.708, 0.048, 0.32875]
Reward: 8   	chromosome: [148, 106, 181, 166, 191]     [0.3545, 0.4135, 0.1095, 0.56775]
Reward: 8   	chromosome: [119, 201, 233, 235, 246]     [0.091, 0.4565, 0.0035, 0.7385]
Reward: 8   	chromosome: [22, 251, 92, 16]             [0.127, 0.057, 0.1065, 0.525]
