Generation: 23	Total Reward: 5197.0
Reward: 500   	chromosome: [226, 85, 169]                [0.228, 0.943, 0.186, 0.65]
Reward: 500   	chromosome: [226, 85, 169]                [0.228, 1.268, 0.237, 0.65]
Reward: 315   	chromosome: [226, 85, 169]                [0.228, 0.943, 0.186, 2.232]
Reward: 313   	chromosome: [226, 85, 169]                [0.228, 0.943, 0.186, 2.232]
Reward: 265   	chromosome: [226, 85, 169]                [0.489, 0.943, 0.092, 2.232]
Reward: 245   	chromosome: [226, 105, 85]                [0.228, 1.268, 0.237, 0.65]
Reward: 228   	chromosome: [226, 85, 169]                [0.228, 0.943, 0.186, 2.232]
Reward: 200   	chromosome: [226, 105, 85]                [0.228, 0.943, 0.186, 2.232]
Reward: 195   	chromosome: [226, 85, 169]                [0.228, 0.943, 0.237, 2.232]
Reward: 190   	chromosome: [226, 85, 169]                [0.489, 0.943, 0.237, 0.65]
Reward: 182   	chromosome: [85, 169]                     [0.489, 1.153, 0.237, 2.232]
Reward: 167   	chromosome: [226, 169, 226]               [0.228, 0.943, 0.186, 1.685]
Reward: 163   	chromosome: [85, 169, 226]                [0.489, 0.943, 0.186, 2.232]
Reward: 151   	chromosome: [226, 85, 169]                [0.489, 0.943, 0.237, 0.65]
Reward: 147   	chromosome: [105, 85, 169]                [0.489, 0.943, 0.237, 0.65]
Reward: 140   	chromosome: [226, 85, 169]                [0.489, 1.555, 0.186, 2.232]
Reward: 133   	chromosome: [105, 85, 169]                [0.489, 0.943, 0.237, 2.232]
Reward: 132   	chromosome: [226, 105, 85]                [0.489, 0.943, 0.092, 2.232]
Reward: 115   	chromosome: [226, 169, 226]               [0.228, 0.943, 0.186, 1.499]
Reward: 61   	chromosome: [248, 44, 156, 137]           [0.252, 1.056, 0.201, 1.347]
Reward: 35   	chromosome: [226, 105, 85]                [0.489, 0.943, 0.03, 2.232]
Reward: 31   	chromosome: [42, 105, 226]                [0.228, 1.153, 0.186, 0.157]
Reward: 25   	chromosome: [85, 195, 120, 23]            [0.353, 0.943, 0.237, 2.847]
Reward: 19   	chromosome: [226, 105, 85]                [0.489, 0.943, 0.03, 1.499]
Reward: 18   	chromosome: [105, 85, 226]                [0.228, 0.943, 0.186, 0.65]
Reward: 16   	chromosome: [85, 169, 169]                [0.489, 0.943, 0.186, 0.65]
Reward: 15   	chromosome: [105, 85, 90]                 [0.6, 0.943, 0.237, 2.232]
Reward: 15   	chromosome: [85, 169, 226]                [0.489, 1.153, 0.159, 0.227]
Reward: 11   	chromosome: [226, 85, 90]                 [0.489, 0.943, 0.159, 2.232]
Reward: 11   	chromosome: [85, 169, 226]                [0.228, 0.943, 0.186, 2.232]
Reward: 11   	chromosome: [105, 169]                    [0.489, 0.943, 0.237, 0.65]
Reward: 11   	chromosome: [85, 85, 169]                 [0.489, 0.943, 0.186, 0.65]
Reward: 11   	chromosome: [250, 248]                    [0.48, 0.552, 0.037, 1.857]
Reward: 11   	chromosome: [169, 85, 169]                [0.228, 0.943, 0.186, 2.232]
Reward: 11   	chromosome: [226, 85, 226]                [0.489, 1.78, 0.237, 2.906]
Reward: 10   	chromosome: [169, 226, 169]               [0.489, 0.943, 0.186, 2.232]
Reward: 10   	chromosome: [226, 85, 226]                [0.228, 0.943, 0.237, 2.232]
Reward: 10   	chromosome: [105, 85, 169]                [0.228, 1.268, 0.186, 0.65]
Reward: 10   	chromosome: [226, 85, 226]                [0.228, 0.943, 0.237, 0.65]
Reward: 10   	chromosome: [183, 254]                    [0.293, 0.031, 0.061, 0.544]
Reward: 10   	chromosome: [85, 169, 58, 65, 98]         [0.489, 1.586, 0.237, 1.988]
Reward: 10   	chromosome: [158, 184, 94]                [0.144, 0.943, 0.034, 0.65]
Reward: 10   	chromosome: [208, 59]                     [0.799, 0.926, 0.158, 0.785]
Reward: 10   	chromosome: [124, 193, 212, 85, 42]       [0.248, 0.066, 0.169, 0.55]
Reward: 10   	chromosome: [102, 173, 167]               [0.364, 0.987, 0.082, 2.525]
Reward: 10   	chromosome: [105, 85]                     [0.489, 0.943, 0.237, 0.65]
Reward: 10   	chromosome: [226, 141, 197, 228]          [0.748, 0.821, 0.07, 0.749]
Reward: 10   	chromosome: [121, 75, 141]                [0.116, 1.508, 0.236, 2.048]
Reward: 10   	chromosome: [89, 208, 64, 86, 166]        [0.236, 0.188, 0.179, 1.852]
Reward: 10   	chromosome: [226, 226, 85]                [0.228, 0.943, 0.092, 2.232]
Reward: 10   	chromosome: [226, 169, 105]               [0.489, 0.943, 0.186, 2.232]
Reward: 10   	chromosome: [169, 85, 169]                [0.228, 0.943, 0.186, 2.232]
Reward: 10   	chromosome: [226, 226, 105]               [0.228, 0.943, 0.03, 1.499]
Reward: 10   	chromosome: [226, 169, 58, 184]           [0.144, 1.586, 0.034, 2.232]
Reward: 10   	chromosome: [122, 241, 51, 29]            [0.668, 1.664, 0.057, 0.685]
Reward: 10   	chromosome: [179, 66, 31, 31]             [0.158, 1.244, 0.234, 0.73]
Reward: 10   	chromosome: [108, 206, 127, 88]           [0.771, 0.586, 0.18, 0.748]
Reward: 10   	chromosome: [16, 209, 239, 146]           [0.211, 0.935, 0.068, 0.546]
Reward: 10   	chromosome: [249, 126, 75, 23]            [0.023, 1.648, 0.134, 2.742]
Reward: 10   	chromosome: [248, 99]                     [0.545, 1.052, 0.159, 0.372]
Reward: 10   	chromosome: [153, 115, 17, 149, 83]       [0.547, 0.236, 0.173, 0.942]
Reward: 10   	chromosome: [85, 85]                      [0.397, 1.153, 0.186, 2.232]
Reward: 10   	chromosome: [226, 105]                    [0.397, 1.153, 0.239, 0.107]
Reward: 9   	chromosome: [105, 226, 85, 169]           [0.6, 0.943, 0.237, 0.227]
Reward: 9   	chromosome: [226, 169, 105]               [0.489, 1.153, 0.186, 0.65]
Reward: 9   	chromosome: [127, 187, 252, 187, 194]     [0.282, 0.09, 0.026, 2.76]
Reward: 9   	chromosome: [85, 38, 85]                  [0.228, 0.943, 0.186, 2.232]
Reward: 9   	chromosome: [226, 169, 113, 214]          [0.158, 1.148, 0.129, 2.232]
Reward: 9   	chromosome: [226, 85]                     [0.489, 0.943, 0.186, 0.65]
Reward: 9   	chromosome: [77, 202, 226, 85]            [0.228, 1.178, 0.237, 0.449]
Reward: 9   	chromosome: [66, 116, 43, 169]            [0.418, 1.268, 0.159, 0.65]
Reward: 9   	chromosome: [169, 169, 85]                [0.228, 0.943, 0.237, 2.232]
Reward: 9   	chromosome: [226, 105, 169]               [0.489, 0.943, 0.186, 2.232]
Reward: 9   	chromosome: [85, 90, 194]                 [0.228, 0.943, 0.186, 0.227]
Reward: 9   	chromosome: [85, 85, 169]                 [0.489, 0.943, 0.237, 0.65]
Reward: 9   	chromosome: [128, 163]                    [0.334, 1.254, 0.169, 2.169]
Reward: 9   	chromosome: [67, 150]                     [0.045, 0.463, 0.028, 1.708]
Reward: 9   	chromosome: [54, 27]                      [0.152, 0.474, 0.065, 0.752]
Reward: 9   	chromosome: [73, 36, 194, 175, 62]        [0.305, 0.361, 0.145, 2.283]
Reward: 9   	chromosome: [105, 85, 226]                [0.489, 0.943, 0.237, 2.906]
Reward: 9   	chromosome: [226, 169, 105]               [0.228, 0.943, 0.237, 0.65]
Reward: 9   	chromosome: [85, 158, 98, 94]             [0.489, 1.555, 0.186, 1.988]
Reward: 9   	chromosome: [216, 151, 193, 173, 74]      [0.482, 1.659, 0.008, 1.626]
Reward: 9   	chromosome: [106, 105, 226]               [0.228, 1.153, 0.138, 2.232]
Reward: 9   	chromosome: [27, 30]                      [0.453, 0.294, 0.05, 0.797]
Reward: 9   	chromosome: [158, 214, 246, 98, 195]      [0.764, 1.821, 0.02, 2.384]
Reward: 9   	chromosome: [169, 85, 169]                [0.489, 0.943, 0.186, 2.232]
Reward: 9   	chromosome: [85, 169, 226]                [0.489, 0.943, 0.237, 2.232]
Reward: 9   	chromosome: [85, 169, 226]                [0.489, 0.943, 0.186, 2.232]
Reward: 9   	chromosome: [226, 169, 169]               [0.489, 1.555, 0.239, 2.232]
Reward: 9   	chromosome: [85, 85, 169]                 [0.489, 0.943, 0.211, 1.499]
Reward: 8   	chromosome: [59, 223, 115, 215]           [0.288, 0.984, 0.054, 1.32]
Reward: 8   	chromosome: [226, 226, 169]               [0.489, 0.943, 0.119, 2.232]
Reward: 8   	chromosome: [169, 42, 105]                [0.489, 0.943, 0.237, 0.157]
Reward: 8   	chromosome: [226, 124, 85, 169]           [0.489, 0.943, 0.237, 2.232]
Reward: 8   	chromosome: [159, 163, 19, 25, 115]       [0.426, 1.036, 0.097, 0.077]
Reward: 8   	chromosome: [169, 226, 85]                [0.489, 0.943, 0.186, 2.232]
Reward: 8   	chromosome: [26, 35, 178, 210, 163]       [0.523, 0.213, 0.191, 1.134]
Reward: 8   	chromosome: [187, 106]                    [0.401, 1.343, 0.101, 1.5]
Reward: 8   	chromosome: [169, 169]                    [0.228, 1.153, 0.237, 2.232]
