Generation: 23	Total Reward: 9981.0
Reward: 277   	chromosome: [254, 196, 173, 160]          [0.068, 0.908, 0.029, 0.0265]
Reward: 263   	chromosome: [254, 196, 169, 160]          [0.514, 0.709, 0.031, 0.353]
Reward: 262   	chromosome: [254, 196, 169, 160]          [0.154, 0.929, 0.031, 0.0265]
Reward: 259   	chromosome: [254, 196, 173, 160]          [0.154, 0.929, 0.029, 0.353]
Reward: 249   	chromosome: [254, 196, 173, 160]          [0.677, 0.21, 0.031, 0.353]
Reward: 241   	chromosome: [254, 196, 173, 160]          [0.328, 0.709, 0.031, 0.1275]
Reward: 239   	chromosome: [254, 196, 169, 160]          [0.068, 0.709, 0.14, 0.353]
Reward: 237   	chromosome: [254, 196, 169, 160]          [0.514, 0.929, 0.14, 0.353]
Reward: 237   	chromosome: [254, 196, 173, 160]          [0.154, 0.709, 0.029, 0.0585]
Reward: 235   	chromosome: [254, 196, 173, 160]          [0.358, 0.709, 0.057, 0.1275]
Reward: 230   	chromosome: [254, 196, 169, 160]          [0.514, 1.266, 0.029, 0.353]
Reward: 227   	chromosome: [254, 196, 173, 160]          [0.358, 0.709, 0.057, 0.1275]
Reward: 224   	chromosome: [254, 196, 173, 160]          [0.154, 0.924, 0.14, 0.0265]
Reward: 221   	chromosome: [254, 196, 173, 160]          [0.154, 0.929, 0.029, 0.0585]
Reward: 215   	chromosome: [254, 196, 169, 160]          [0.423, 0.924, 0.04, 0.4235]
Reward: 215   	chromosome: [254, 196, 169, 160]          [0.677, 0.929, 0.04, 0.353]
Reward: 214   	chromosome: [254, 196, 169, 160]          [0.514, 1.266, 0.029, 0.353]
Reward: 213   	chromosome: [254, 196, 173, 160]          [0.358, 0.908, 0.14, 0.0585]
Reward: 210   	chromosome: [254, 196, 169, 160]          [0.154, 0.924, 0.147, 0.353]
Reward: 209   	chromosome: [254, 196, 173, 160]          [0.154, 0.908, 0.076, 0.413]
Reward: 201   	chromosome: [254, 196, 169, 160]          [0.154, 0.319, 0.031, 0.0265]
Reward: 194   	chromosome: [254, 196, 169, 160]          [0.514, 0.929, 0.14, 0.0135]
Reward: 190   	chromosome: [254, 196, 173, 160]          [0.608, 0.908, 0.031, 0.286]
Reward: 181   	chromosome: [254, 196, 173, 160]          [0.047, 0.929, 0.14, 0.353]
Reward: 179   	chromosome: [254, 196, 173, 160]          [0.068, 0.21, 0.031, 0.353]
Reward: 177   	chromosome: [254, 196, 169, 160]          [0.068, 0.908, 0.14, 0.286]
Reward: 176   	chromosome: [254, 196, 169, 160]          [0.154, 0.929, 0.031, 0.0585]
Reward: 175   	chromosome: [254, 196, 169, 160]          [0.068, 0.924, 0.029, 0.353]
Reward: 164   	chromosome: [254, 196, 173, 160]          [0.154, 0.709, 0.147, 0.1275]
Reward: 163   	chromosome: [254, 196, 173, 160]          [0.068, 0.908, 0.031, 0.0585]
Reward: 159   	chromosome: [254, 196, 169, 160]          [0.154, 0.929, 0.029, 0.0585]
Reward: 159   	chromosome: [254, 196, 173, 160]          [0.154, 1.266, 0.031, 0.0265]
Reward: 158   	chromosome: [254, 196, 169, 160]          [0.154, 1.266, 0.147, 0.0265]
Reward: 157   	chromosome: [254, 196, 169, 160]          [0.154, 1.266, 0.14, 0.0265]
Reward: 156   	chromosome: [254, 196, 173, 160]          [0.358, 0.709, 0.057, 0.1275]
Reward: 151   	chromosome: [254, 196, 173, 160]          [0.068, 0.924, 0.029, 0.0265]
Reward: 150   	chromosome: [254, 196, 169, 160]          [0.154, 0.908, 0.031, 0.286]
Reward: 150   	chromosome: [254, 196, 169, 160]          [0.677, 0.709, 0.029, 0.353]
Reward: 150   	chromosome: [254, 196, 169, 160]          [0.358, 0.709, 0.057, 0.0585]
Reward: 150   	chromosome: [254, 196, 169, 160]          [0.068, 0.908, 0.14, 0.0585]
Reward: 150   	chromosome: [254, 196, 173, 160]          [0.514, 0.929, 0.031, 0.353]
Reward: 149   	chromosome: [254, 196, 173, 160]          [0.677, 0.21, 0.031, 0.353]
Reward: 149   	chromosome: [254, 196, 169, 160]          [0.358, 0.929, 0.057, 0.0135]
Reward: 147   	chromosome: [254, 196, 173, 160]          [0.677, 0.709, 0.147, 0.353]
Reward: 145   	chromosome: [254, 196, 173, 160]          [0.514, 1.266, 0.031, 0.353]
Reward: 145   	chromosome: [254, 196, 169, 160]          [0.068, 0.709, 0.029, 0.0585]
Reward: 143   	chromosome: [254, 196, 173, 160]          [0.677, 0.908, 0.14, 0.353]
Reward: 136   	chromosome: [254, 196, 173, 160]          [0.514, 0.924, 0.029, 0.0135]
Reward: 136   	chromosome: [254, 196, 131, 160]          [0.068, 0.908, 0.029, 0.0265]
Reward: 84   	chromosome: [254, 196, 131, 160]          [0.154, 0.929, 0.147, 0.0265]
Reward: 56   	chromosome: [254, 196, 131, 160]          [0.068, 0.908, 0.04, 0.0695]
Reward: 44   	chromosome: [254, 196, 131, 160]          [0.052, 0.924, 0.04, 0.0585]
Reward: 18   	chromosome: [185, 39, 33]                 [0.372, 0.847, 0.169, 0.4055]
Reward: 17   	chromosome: [196, 173, 160]               [0.154, 0.908, 0.029, 0.0265]
Reward: 14   	chromosome: [196, 173, 160]               [0.514, 0.908, 0.031, 0.353]
Reward: 14   	chromosome: [167, 204, 62, 169]           [0.774, 1.868, 0.029, 0.3155]
Reward: 11   	chromosome: [233, 11, 46, 248, 252]       [0.468, 1.936, 0.025, 0.2835]
Reward: 11   	chromosome: [121, 196, 44, 50]            [0.068, 0.908, 0.14, 0.4195]
Reward: 11   	chromosome: [239, 185, 210]               [0.565, 0.733, 0.024, 0.451]
Reward: 10   	chromosome: [206, 192, 120, 16, 192]      [0.267, 0.709, 0.06, 0.1595]
Reward: 10   	chromosome: [254, 114, 196, 173, 160]     [0.052, 0.924, 0.031, 0.0265]
Reward: 10   	chromosome: [47, 162, 253]                [0.396, 0.097, 0.132, 0.256]
Reward: 10   	chromosome: [254, 196, 173, 55]           [0.068, 0.929, 0.14, 0.1815]
Reward: 10   	chromosome: [254, 115, 173, 160]          [0.068, 0.072, 0.14, 0.353]
Reward: 10   	chromosome: [94, 11, 49, 14, 88]          [0.403, 1.901, 0.222, 0.264]
Reward: 10   	chromosome: [254, 196, 27, 160]           [0.154, 0.929, 0.147, 0.0585]
Reward: 10   	chromosome: [38, 153]                     [0.581, 1.22, 0.156, 0.4785]
Reward: 10   	chromosome: [18, 0, 132, 34, 9]           [0.242, 0.058, 0.177, 0.2125]
Reward: 10   	chromosome: [142, 54]                     [0.729, 0.004, 0.106, 0.446]
Reward: 10   	chromosome: [226, 172, 199]               [0.503, 1.89, 0.047, 0.456]
Reward: 10   	chromosome: [69, 43, 213]                 [0.75, 1.279, 0.231, 0.4745]
Reward: 10   	chromosome: [24, 130, 119, 210, 179]      [0.152, 0.833, 0.079, 0.177]
Reward: 10   	chromosome: [62, 9, 92]                   [0.79, 1.912, 0.228, 0.345]
Reward: 10   	chromosome: [254, 116, 196, 173, 160]     [0.068, 0.924, 0.04, 0.353]
Reward: 10   	chromosome: [254, 208, 169, 160, 226]     [0.283, 0.581, 0.058, 0.4275]
Reward: 10   	chromosome: [15, 88]                      [0.356, 0.841, 0.202, 0.0545]
Reward: 10   	chromosome: [254, 173, 156]               [0.068, 0.924, 0.147, 0.4275]
Reward: 9   	chromosome: [254, 91, 173, 160]           [0.677, 1.266, 0.031, 0.353]
Reward: 9   	chromosome: [204, 133]                    [0.675, 1.484, 0.108, 0.382]
Reward: 9   	chromosome: [147, 175, 161, 18]           [0.227, 1.243, 0.114, 0.1415]
Reward: 9   	chromosome: [187, 188, 50]                [0.297, 0.677, 0.019, 0.1815]
Reward: 9   	chromosome: [15, 193, 89, 253]            [0.314, 1.968, 0.038, 0.1665]
Reward: 9   	chromosome: [152, 152, 174]               [0.541, 1.053, 0.118, 0.1345]
Reward: 9   	chromosome: [13, 77, 7, 203, 195]         [0.554, 1.659, 0.164, 0.1385]
Reward: 9   	chromosome: [116, 163, 28, 122, 114]      [0.386, 0.246, 0.154, 0.334]
Reward: 9   	chromosome: [152, 208, 41, 10, 130]       [0.307, 0.729, 0.148, 0.245]
Reward: 9   	chromosome: [11, 6]                       [0.505, 0.759, 0.207, 0.2835]
Reward: 9   	chromosome: [180, 103, 225]               [0.062, 0.294, 0.188, 0.318]
Reward: 9   	chromosome: [69, 247, 197, 186]           [0.179, 0.314, 0.199, 0.389]
Reward: 9   	chromosome: [144, 68, 232]                [0.142, 0.734, 0.055, 0.1995]
Reward: 9   	chromosome: [10, 177, 216]                [0.094, 1.019, 0.145, 0.0555]
Reward: 9   	chromosome: [191, 229, 1, 4, 108]         [0.414, 0.003, 0.207, 0.1625]
Reward: 9   	chromosome: [219, 103, 120, 56]           [0.584, 0.228, 0.176, 0.2775]
Reward: 9   	chromosome: [31, 184, 31, 7]              [0.59, 0.463, 0.21, 0.06]
Reward: 9   	chromosome: [254, 196, 131, 160, 129]     [0.154, 1.266, 0.147, 0.0265]
Reward: 9   	chromosome: [254, 196, 4, 160]            [0.068, 0.924, 0.023, 0.353]
Reward: 9   	chromosome: [159, 245, 221, 92]           [0.229, 0.184, 0.089, 0.137]
Reward: 8   	chromosome: [154, 196, 46]                [0.004, 0.905, 0.065, 0.2]
Reward: 8   	chromosome: [59, 203, 182]                [0.719, 1.666, 0.143, 0.073]
Reward: 8   	chromosome: [232, 33, 98, 12, 157]        [0.741, 0.685, 0.023, 0.039]
