Generation: 24	Total Reward: 13509.0
Reward: 286   	chromosome: [29, 10, 49, 161]             [0.478, 1.828, 0.024, 1.915]
Reward: 284   	chromosome: [211, 146, 86]                [0.751, 1.067, 0.069, 0.561]
Reward: 277   	chromosome: [29, 10, 49, 161]             [0.769, 1.845, 0.038, 1.915]
Reward: 273   	chromosome: [100, 166, 122, 206, 162]     [0.445, 0.997, 0.12, 1.915]
Reward: 271   	chromosome: [29, 10, 49, 161]             [0.369, 0.811, 0.024, 1.305]
Reward: 255   	chromosome: [107, 10, 10, 161]            [0.369, 0.662, 0.024, 1.222]
Reward: 251   	chromosome: [29, 10, 49, 161]             [0.769, 0.811, 0.024, 0.157]
Reward: 237   	chromosome: [29, 10, 49, 161]             [0.427, 1.668, 0.024, 0.747]
Reward: 236   	chromosome: [29, 10, 49, 161]             [0.005, 0.811, 0.017, 1.915]
Reward: 233   	chromosome: [29, 10, 49, 161]             [0.005, 1.668, 0.094, 1.915]
Reward: 232   	chromosome: [29, 10, 49, 161]             [0.005, 1.122, 0.04, 0.157]
Reward: 231   	chromosome: [29, 10, 49, 161]             [0.625, 1.01, 0.105, 1.872]
Reward: 231   	chromosome: [29, 10, 49, 161]             [0.369, 0.811, 0.024, 1.305]
Reward: 230   	chromosome: [10, 10, 201, 81]             [0.405, 0.662, 0.024, 0.001]
Reward: 227   	chromosome: [29, 10, 49, 161]             [0.369, 1.01, 0.024, 1.305]
Reward: 226   	chromosome: [29, 10, 49, 161]             [0.005, 0.811, 0.024, 1.915]
Reward: 225   	chromosome: [29, 10, 49, 161]             [0.005, 0.811, 0.024, 1.915]
Reward: 224   	chromosome: [29, 10, 49, 161]             [0.005, 1.01, 0.105, 1.872]
Reward: 222   	chromosome: [107, 10, 10, 161]            [0.369, 0.662, 0.024, 1.305]
Reward: 217   	chromosome: [29, 10, 49, 161]             [0.369, 0.811, 0.024, 1.915]
Reward: 215   	chromosome: [29, 10, 49, 161]             [0.769, 1.668, 0.038, 1.766]
Reward: 210   	chromosome: [29, 10, 49, 161]             [0.005, 1.845, 0.017, 1.915]
Reward: 210   	chromosome: [161, 100, 166, 122]          [0.743, 1.122, 0.105, 1.915]
Reward: 206   	chromosome: [107, 10, 10, 161]            [0.369, 0.662, 0.038, 1.222]
Reward: 199   	chromosome: [29, 10, 49, 161]             [0.005, 0.811, 0.232, 0.157]
Reward: 195   	chromosome: [29, 10, 49, 161]             [0.775, 1.668, 0.038, 0.582]
Reward: 190   	chromosome: [29, 10, 49, 161]             [0.538, 1.668, 0.017, 0.201]
Reward: 188   	chromosome: [29, 10, 49, 161]             [0.769, 1.122, 0.095, 0.595]
Reward: 186   	chromosome: [29, 10, 49, 161]             [0.625, 1.122, 0.12, 1.915]
Reward: 185   	chromosome: [29, 10, 49, 161]             [0.005, 1.668, 0.094, 1.723]
Reward: 183   	chromosome: [93, 201, 81]                 [0.405, 1.793, 0.034, 0.001]
Reward: 181   	chromosome: [29, 10, 49, 161]             [0.005, 1.668, 0.024, 0.201]
Reward: 179   	chromosome: [29, 10, 49, 161]             [0.327, 1.828, 0.024, 1.222]
Reward: 178   	chromosome: [29, 10, 49, 161]             [0.369, 1.668, 0.038, 0.201]
Reward: 177   	chromosome: [29, 10, 49, 161]             [0.005, 0.811, 0.024, 0.157]
Reward: 176   	chromosome: [29, 10, 49, 161]             [0.005, 0.625, 0.232, 1.915]
Reward: 172   	chromosome: [206, 162, 164, 246, 1]       [0.776, 0.533, 0.218, 1.344]
Reward: 167   	chromosome: [29, 10, 49, 161]             [0.005, 1.845, 0.12, 0.563]
Reward: 166   	chromosome: [161, 100, 166, 122]          [0.625, 1.122, 0.12, 1.915]
Reward: 165   	chromosome: [100, 166, 122, 29]           [0.625, 1.845, 0.12, 1.915]
Reward: 160   	chromosome: [29, 10, 49, 161]             [0.369, 1.668, 0.024, 0.201]
Reward: 159   	chromosome: [29, 10, 49, 161]             [0.005, 1.122, 0.232, 0.157]
Reward: 157   	chromosome: [29, 10, 49, 161]             [0.776, 0.811, 0.105, 0.598]
Reward: 157   	chromosome: [29, 10, 49, 161]             [0.369, 0.662, 0.102, 1.305]
Reward: 155   	chromosome: [29, 10, 49, 161]             [0.005, 1.668, 0.016, 1.915]
Reward: 151   	chromosome: [29, 10, 49, 161]             [0.005, 1.845, 0.017, 1.915]
Reward: 150   	chromosome: [29, 10, 49, 161]             [0.005, 1.668, 0.016, 1.915]
Reward: 149   	chromosome: [29, 10, 49, 161]             [0.769, 1.668, 0.038, 0.582]
Reward: 149   	chromosome: [29, 10, 49, 161]             [0.005, 1.828, 0.024, 0.157]
Reward: 146   	chromosome: [206, 162, 164, 246, 1]       [0.445, 0.997, 0.218, 1.344]
Reward: 146   	chromosome: [206, 162, 164, 246, 1]       [0.625, 1.845, 0.12, 1.867]
Reward: 141   	chromosome: [29, 24, 201, 81]             [0.227, 1.668, 0.094, 1.723]
Reward: 139   	chromosome: [29, 10, 49, 161]             [0.005, 1.01, 0.233, 0.595]
Reward: 138   	chromosome: [29, 10, 49, 161]             [0.625, 1.845, 0.219, 0.595]
Reward: 137   	chromosome: [29, 10, 49, 161]             [0.369, 1.845, 0.024, 1.915]
Reward: 133   	chromosome: [29, 10, 49, 161]             [0.625, 0.811, 0.024, 1.305]
Reward: 127   	chromosome: [161, 100, 166, 122]          [0.05, 1.122, 0.024, 1.915]
Reward: 116   	chromosome: [115, 214, 168]               [0.224, 1.188, 0.083, 1.324]
Reward: 93   	chromosome: [24, 201, 81]                 [0.227, 1.774, 0.105, 0.747]
Reward: 92   	chromosome: [157, 79]                     [0.375, 1.793, 0.205, 0.039]
Reward: 86   	chromosome: [24, 201, 81]                 [0.227, 1.668, 0.094, 0.747]
Reward: 86   	chromosome: [161, 19, 96, 161]            [0.005, 1.266, 0.024, 1.766]
Reward: 85   	chromosome: [10, 49, 145, 161, 161]       [0.227, 1.828, 0.105, 0.595]
Reward: 83   	chromosome: [24, 201, 81]                 [0.227, 1.774, 0.105, 0.595]
Reward: 73   	chromosome: [24, 201, 81, 11]             [0.005, 0.811, 0.017, 1.915]
Reward: 73   	chromosome: [24, 29, 107]                 [0.227, 1.668, 0.094, 1.305]
Reward: 70   	chromosome: [10, 122, 158]                [0.369, 1.122, 0.017, 1.915]
Reward: 68   	chromosome: [246, 29, 49, 161]            [0.776, 0.533, 0.105, 0.598]
Reward: 66   	chromosome: [237, 175, 126]               [0.387, 1.226, 0.105, 1.872]
Reward: 64   	chromosome: [29, 161, 43]                 [0.769, 1.122, 0.024, 1.305]
Reward: 52   	chromosome: [49, 49, 161, 161]            [0.625, 0.811, 0.01, 1.766]
Reward: 50   	chromosome: [161, 10, 49, 78]             [0.005, 0.811, 0.105, 0.595]
Reward: 50   	chromosome: [206, 246, 29, 49]            [0.229, 1.281, 0.218, 2.328]
Reward: 49   	chromosome: [29, 195, 49, 161]            [0.427, 1.668, 0.12, 0.747]
Reward: 43   	chromosome: [122, 88, 29]                 [0.005, 1.01, 0.233, 0.595]
Reward: 43   	chromosome: [49, 100, 122, 29]            [0.369, 1.845, 0.024, 1.915]
Reward: 42   	chromosome: [246, 29, 49, 161]            [0.776, 0.533, 0.017, 1.921]
Reward: 35   	chromosome: [206, 246, 29, 49]            [0.776, 1.028, 0.218, 1.344]
Reward: 33   	chromosome: [194, 65, 180, 202]           [0.69, 1.107, 0.2, 1.842]
Reward: 30   	chromosome: [29, 161, 43]                 [0.769, 1.122, 0.024, 1.305]
Reward: 29   	chromosome: [161, 141, 100, 166]          [0.449, 1.01, 0.233, 0.201]
Reward: 27   	chromosome: [206, 29, 49, 161]            [0.005, 0.997, 0.218, 1.344]
Reward: 25   	chromosome: [157, 79]                     [0.375, 1.668, 0.205, 0.039]
Reward: 21   	chromosome: [118, 61, 161]                [0.365, 0.894, 0.024, 0.157]
Reward: 17   	chromosome: [107, 10, 161, 161]           [0.005, 1.668, 0.024, 1.222]
Reward: 16   	chromosome: [165, 143, 132, 57]           [0.699, 0.521, 0.05, 1.747]
Reward: 15   	chromosome: [227, 160, 7]                 [0.218, 0.525, 0.047, 2.798]
Reward: 12   	chromosome: [88, 10, 161]                 [0.277, 1.278, 0.035, 0.157]
Reward: 11   	chromosome: [49, 161, 153, 58]            [0.757, 1.122, 0.078, 0.91]
Reward: 11   	chromosome: [151, 19, 127]                [0.535, 1.565, 0.017, 1.403]
Reward: 11   	chromosome: [254, 23, 48, 229, 145]       [0.261, 0.368, 0.137, 1.002]
Reward: 11   	chromosome: [161, 195, 93]                [0.405, 1.774, 0.12, 0.747]
Reward: 10   	chromosome: [29, 161, 195]                [0.227, 1.774, 0.12, 0.747]
Reward: 10   	chromosome: [29, 10, 49]                  [0.005, 0.811, 0.022, 2.218]
Reward: 10   	chromosome: [49, 141, 100, 166]           [0.005, 1.01, 0.016, 1.915]
Reward: 10   	chromosome: [29, 10, 161, 161]            [0.449, 1.668, 0.233, 0.201]
Reward: 10   	chromosome: [29, 10, 49]                  [0.769, 1.668, 0.024, 0.157]
Reward: 10   	chromosome: [250, 17, 91, 190]            [0.053, 0.259, 0.071, 1.826]
Reward: 10   	chromosome: [159, 40, 85, 59]             [0.449, 1.501, 0.197, 2.429]
Reward: 10   	chromosome: [152, 26, 240]                [0.05, 1.276, 0.177, 0.299]
Reward: 10   	chromosome: [161, 166, 122, 29]           [0.625, 1.266, 0.024, 1.766]
Reward: 10   	chromosome: [161, 96, 100]                [0.005, 1.131, 0.12, 1.915]
Reward: 10   	chromosome: [71, 99]                      [0.693, 0.262, 0.002, 1.535]
Reward: 10   	chromosome: [188, 65, 27]                 [0.66, 0.84, 0.004, 1.722]
Reward: 10   	chromosome: [31, 63, 41, 239]             [0.587, 0.084, 0.076, 1.544]
Reward: 10   	chromosome: [101, 155, 215]               [0.026, 0.548, 0.034, 1.893]
Reward: 10   	chromosome: [29, 10, 10, 10]              [0.369, 1.01, 0.024, 1.305]
Reward: 10   	chromosome: [189, 154, 67, 171, 196]      [0.287, 1.487, 0.215, 2.692]
Reward: 10   	chromosome: [52, 11]                      [0.701, 1.72, 0.205, 0.76]
Reward: 10   	chromosome: [29, 29, 49]                  [0.005, 1.845, 0.173, 0.747]
Reward: 10   	chromosome: [10, 161, 29, 10]             [0.478, 1.774, 0.024, 0.747]
Reward: 10   	chromosome: [99, 224, 217]                [0.006, 0.002, 0.04, 2.068]
Reward: 10   	chromosome: [105, 88, 63, 63, 173]        [0.011, 0.422, 0.063, 0.798]
Reward: 10   	chromosome: [26, 5, 248, 77]              [0.284, 0.66, 0.082, 1.683]
Reward: 10   	chromosome: [167, 232, 241, 48, 72]       [0.733, 0.006, 0.185, 2.354]
Reward: 10   	chromosome: [10, 29, 10, 49]              [0.369, 0.662, 0.094, 1.723]
Reward: 10   	chromosome: [1, 29, 10, 49]               [0.625, 1.845, 0.017, 1.867]
Reward: 10   	chromosome: [8, 1, 162]                   [0.213, 0.546, 0.203, 1.531]
Reward: 10   	chromosome: [60, 224, 170]                [0.667, 1.736, 0.21, 2.189]
Reward: 10   	chromosome: [246, 191, 132, 52]           [0.776, 1.028, 0.168, 1.344]
Reward: 10   	chromosome: [49, 246, 1, 29]              [0.769, 0.811, 0.024, 1.344]
Reward: 10   	chromosome: [186, 27, 40, 1, 32]          [0.575, 0.716, 0.041, 1.015]
Reward: 10   	chromosome: [82, 4, 250, 186]             [0.283, 0.679, 0.066, 2.754]
Reward: 10   	chromosome: [227, 89, 34]                 [0.782, 0.923, 0.098, 1.472]
Reward: 10   	chromosome: [117, 95, 76, 10]             [0.15, 0.802, 0.058, 0.759]
Reward: 10   	chromosome: [105, 89, 67]                 [0.697, 0.367, 0.178, 0.736]
Reward: 10   	chromosome: [10, 161, 10, 49]             [0.369, 1.01, 0.105, 1.222]
Reward: 10   	chromosome: [161, 92, 79]                 [0.005, 1.01, 0.233, 0.039]
Reward: 10   	chromosome: [100, 122, 29, 49]            [0.005, 1.845, 0.105, 0.598]
Reward: 10   	chromosome: [10, 49, 211]                 [0.375, 1.845, 0.038, 0.039]
Reward: 10   	chromosome: [147, 123, 203, 131, 49]      [0.034, 0.367, 0.157, 1.806]
Reward: 9   	chromosome: [162, 164, 246, 1, 10]        [0.445, 1.845, 0.017, 0.843]
Reward: 9   	chromosome: [140, 162, 83, 234, 202]      [0.793, 0.602, 0.152, 0.089]
Reward: 9   	chromosome: [228, 194, 248, 226]          [0.214, 0.36, 0.109, 0.175]
Reward: 9   	chromosome: [201, 81, 10, 161]            [0.369, 0.662, 0.024, 0.747]
Reward: 9   	chromosome: [236, 29, 49]                 [0.005, 0.811, 0.024, 0.779]
Reward: 9   	chromosome: [113, 7, 191]                 [0.236, 1.008, 0.132, 1.741]
Reward: 9   	chromosome: [47, 107]                     [0.481, 0.675, 0.112, 2.028]
Reward: 9   	chromosome: [111, 39, 246]                [0.759, 1.991, 0.228, 1.368]
Reward: 9   	chromosome: [29, 164, 246, 1]             [0.625, 1.845, 0.218, 1.344]
Reward: 9   	chromosome: [49, 161, 29, 10]             [0.097, 0.811, 0.017, 0.201]
Reward: 9   	chromosome: [44, 240, 242, 81, 26]        [0.522, 0.09, 0.101, 2.374]
Reward: 9   	chromosome: [107, 161, 93]                [0.369, 1.793, 0.034, 1.222]
Reward: 9   	chromosome: [49, 161, 107, 161]           [0.369, 0.662, 0.024, 1.305]
Reward: 9   	chromosome: [153, 75, 220, 199]           [0.514, 1.237, 0.114, 0.583]
Reward: 9   	chromosome: [206, 162, 164, 147, 1]       [0.005, 1.01, 0.233, 1.867]
Reward: 9   	chromosome: [100, 166, 10, 161]           [0.625, 0.811, 0.024, 0.157]
Reward: 9   	chromosome: [29, 49, 76, 161, 231]        [0.227, 1.828, 0.024, 1.915]
Reward: 9   	chromosome: [176, 233, 15]                [0.18, 1.986, 0.036, 2.443]
Reward: 9   	chromosome: [72, 135, 211, 138]           [0.317, 1.439, 0.116, 1.14]
Reward: 9   	chromosome: [138, 24]                     [0.109, 1.508, 0.012, 0.042]
Reward: 9   	chromosome: [81, 24, 201, 81]             [0.005, 1.668, 0.094, 2.189]
Reward: 9   	chromosome: [186, 210, 167, 81, 106]      [0.273, 0.279, 0.132, 2.79]
Reward: 9   	chromosome: [29, 10, 161, 164]            [0.369, 1.122, 0.218, 1.915]
Reward: 9   	chromosome: [66, 249, 22]                 [0.1, 1.444, 0.129, 2.929]
Reward: 9   	chromosome: [107, 10, 92, 161]            [0.005, 0.662, 0.024, 1.872]
Reward: 9   	chromosome: [29, 201, 81]                 [0.227, 1.793, 0.034, 0.001]
Reward: 9   	chromosome: [141, 38, 135, 75, 69]        [0.625, 0.403, 0.08, 2.262]
Reward: 9   	chromosome: [212, 7, 172, 141, 23]        [0.247, 0.813, 0.001, 2.914]
Reward: 9   	chromosome: [49, 95, 26]                  [0.599, 0.692, 0.033, 0.363]
Reward: 8   	chromosome: [157, 79, 161]                [0.375, 0.811, 0.205, 0.039]
Reward: 8   	chromosome: [57, 10, 89, 149, 137]        [0.625, 0.512, 0.12, 1.915]
Reward: 8   	chromosome: [85, 122, 161, 145, 161]      [0.227, 1.828, 0.024, 0.157]
Reward: 8   	chromosome: [143, 206, 152, 72]           [0.484, 1.226, 0.053, 2.78]
Reward: 8   	chromosome: [132, 92, 10]                 [0.128, 0.467, 0.165, 1.744]
Reward: 8   	chromosome: [29, 24, 201, 11]             [0.227, 0.811, 0.017, 2.49]
Reward: 8   	chromosome: [206, 162, 164, 246, 161]     [0.005, 1.845, 0.12, 1.915]
Reward: 8   	chromosome: [247, 220]                    [0.648, 0.745, 0.12, 0.65]
Reward: 8   	chromosome: [29, 10, 49]                  [0.375, 1.668, 0.205, 0.595]
Reward: 8   	chromosome: [161, 157, 79]                [0.375, 1.668, 0.205, 0.039]
