Generation: 29	Total Reward: 7374.0
Reward: 267   	chromosome: [132, 81]                     [0.119, 0.51, 0.0955, 0.6405]
Reward: 258   	chromosome: [132, 81]                     [0.119, 0.51, 0.0955, 0.6405]
Reward: 253   	chromosome: [132, 81]                     [0.3025, 0.708, 0.0525, 0.6405]
Reward: 250   	chromosome: [132, 81]                     [0.0615, 0.51, 0.0955, 0.6405]
Reward: 249   	chromosome: [132, 81]                     [0.0615, 0.708, 0.0525, 0.32875]
Reward: 245   	chromosome: [202, 121]                    [0.0615, 0.51, 0.0955, 0.6405]
Reward: 241   	chromosome: [132, 81]                     [0.155, 0.708, 0.102, 0.32875]
Reward: 230   	chromosome: [202, 121]                    [0.0615, 0.708, 0.0525, 0.6405]
Reward: 227   	chromosome: [132, 81]                     [0.119, 0.708, 0.0955, 0.32875]
Reward: 221   	chromosome: [202, 121]                    [0.119, 0.708, 0.0955, 0.6405]
Reward: 218   	chromosome: [132, 81]                     [0.0615, 0.3565, 0.0525, 0.66875]
Reward: 215   	chromosome: [202, 121]                    [0.119, 0.708, 0.0955, 0.6405]
Reward: 215   	chromosome: [202, 121]                    [0.0615, 0.708, 0.0955, 0.6405]
Reward: 214   	chromosome: [202, 121]                    [0.3025, 0.411, 0.0525, 0.741]
Reward: 211   	chromosome: [132, 81]                     [0.0615, 0.708, 0.0525, 0.6405]
Reward: 208   	chromosome: [132, 81]                     [0.119, 0.708, 0.0525, 0.7175]
Reward: 206   	chromosome: [132, 81]                     [0.0615, 0.3565, 0.0525, 0.66875]
Reward: 203   	chromosome: [202, 121]                    [0.119, 0.708, 0.1055, 0.741]
Reward: 191   	chromosome: [132, 81]                     [0.0615, 0.51, 0.0525, 0.6405]
Reward: 190   	chromosome: [132, 81]                     [0.3025, 0.708, 0.1055, 0.32875]
Reward: 187   	chromosome: [132, 81]                     [0.119, 0.708, 0.0955, 0.6405]
Reward: 186   	chromosome: [202, 121]                    [0.0615, 0.708, 0.0955, 0.7175]
Reward: 179   	chromosome: [132, 81]                     [0.2145, 0.9365, 0.0525, 0.66875]
Reward: 171   	chromosome: [132, 81]                     [0.119, 0.411, 0.0525, 0.6405]
Reward: 160   	chromosome: [202, 121]                    [0.0615, 0.411, 0.0955, 0.6405]
Reward: 159   	chromosome: [202, 121]                    [0.119, 0.708, 0.0955, 0.6405]
Reward: 155   	chromosome: [202, 121]                    [0.0615, 0.708, 0.0955, 0.6405]
Reward: 150   	chromosome: [132, 81]                     [0.0615, 0.51, 0.0955, 0.6405]
Reward: 150   	chromosome: [202, 121]                    [0.3025, 0.708, 0.0525, 0.7175]
Reward: 145   	chromosome: [132, 81]                     [0.119, 0.708, 0.0955, 0.7175]
Reward: 144   	chromosome: [202, 121]                    [0.0615, 0.51, 0.0955, 0.6405]
Reward: 143   	chromosome: [202, 121]                    [0.0615, 0.708, 0.1055, 0.741]
Reward: 142   	chromosome: [202, 121]                    [0.2145, 0.0015, 0.024, 0.66875]
Reward: 138   	chromosome: [202, 121]                    [0.0615, 0.51, 0.0955, 0.6405]
Reward: 19   	chromosome: [172, 81]                     [0.0615, 0.6905, 0.0345, 0.6405]
Reward: 19   	chromosome: [132, 121]                    [0.0615, 0.708, 0.0525, 0.6405]
Reward: 15   	chromosome: [46, 169]                     [0.211, 0.5275, 0.11, 0.30525]
Reward: 12   	chromosome: [225, 165, 252, 110, 81]      [0.3485, 0.1985, 0.048, 0.6215]
Reward: 12   	chromosome: [26, 44, 126, 81]             [0.119, 0.708, 0.0995, 0.6405]
Reward: 11   	chromosome: [178, 132, 81]                [0.119, 0.708, 0.0955, 0.7175]
Reward: 11   	chromosome: [42, 165, 222]                [0.291, 0.244, 0.1065, 0.29375]
Reward: 11   	chromosome: [202, 81]                     [0.3025, 0.708, 0.1055, 0.741]
Reward: 11   	chromosome: [121, 132]                    [0.0615, 0.708, 0.0955, 0.6405]
Reward: 10   	chromosome: [11, 33, 185, 70]             [0.309, 0.3155, 0.1015, 0.36925]
Reward: 10   	chromosome: [85, 37]                      [0.363, 0.156, 0.0325, 0.075]
Reward: 10   	chromosome: [34, 132]                     [0.0415, 0.3565, 0.0715, 0.28725]
Reward: 10   	chromosome: [11, 202]                     [0.0615, 0.803, 0.0075, 0.7175]
Reward: 10   	chromosome: [202, 81]                     [0.119, 0.708, 0.1055, 0.6405]
Reward: 10   	chromosome: [121, 132]                    [0.0615, 0.708, 0.0525, 0.741]
Reward: 10   	chromosome: [121, 132]                    [0.0615, 0.708, 0.0525, 0.741]
Reward: 10   	chromosome: [121, 81]                     [0.0615, 0.708, 0.0525, 0.7175]
Reward: 10   	chromosome: [23, 109, 105, 206, 163]      [0.035, 0.984, 0.0155, 0.5055]
Reward: 10   	chromosome: [121, 132]                    [0.119, 0.708, 0.1055, 0.7175]
Reward: 10   	chromosome: [202, 81]                     [0.119, 0.51, 0.0955, 0.6405]
Reward: 10   	chromosome: [202, 132]                    [0.0615, 0.708, 0.0955, 0.6405]
Reward: 10   	chromosome: [36, 71, 210]                 [0.216, 0.466, 0.06, 0.1065]
Reward: 10   	chromosome: [191, 90, 224, 241]           [0.341, 0.0325, 0.098, 0.086]
Reward: 10   	chromosome: [252, 72, 128]                [0.138, 0.3795, 0.0665, 0.408]
Reward: 10   	chromosome: [68, 100, 156, 56, 135]       [0.243, 0.2085, 0.0745, 0.30275]
Reward: 10   	chromosome: [214, 132]                    [0.1975, 0.29, 0.0955, 0.74975]
Reward: 10   	chromosome: [246, 102, 178]               [0.2325, 0.757, 0.0005, 0.6995]
Reward: 10   	chromosome: [110, 140, 235]               [0.39, 0.7295, 0.0345, 0.65825]
Reward: 10   	chromosome: [121, 81]                     [0.0615, 0.3565, 0.0715, 0.6405]
Reward: 10   	chromosome: [238, 121]                    [0.0615, 0.411, 0.095, 0.6405]
Reward: 10   	chromosome: [122, 202]                    [0.279, 0.1125, 0.0525, 0.194]
Reward: 10   	chromosome: [121, 33]                     [0.0615, 0.411, 0.0525, 0.32875]
Reward: 10   	chromosome: [132, 202]                    [0.0615, 0.708, 0.0955, 0.6405]
Reward: 10   	chromosome: [81, 121]                     [0.0615, 0.51, 0.0955, 0.6405]
Reward: 10   	chromosome: [255, 89, 57, 146]            [0.2865, 0.4455, 0.093, 0.4335]
Reward: 10   	chromosome: [151, 157, 132, 81]           [0.0615, 0.51, 0.054, 0.6405]
Reward: 10   	chromosome: [81, 202]                     [0.0615, 0.708, 0.0955, 0.6405]
Reward: 9   	chromosome: [41, 40]                      [0.1925, 0.911, 0.0585, 0.60475]
Reward: 9   	chromosome: [196, 132]                    [0.119, 0.411, 0.0955, 0.7175]
Reward: 9   	chromosome: [202, 132]                    [0.3025, 0.708, 0.0955, 0.32875]
Reward: 9   	chromosome: [69, 222, 32]                 [0.382, 0.978, 0.0475, 0.1865]
Reward: 9   	chromosome: [89, 10, 111, 5, 4]           [0.3445, 0.504, 0.044, 0.33375]
Reward: 9   	chromosome: [202, 81]                     [0.3025, 0.708, 0.1055, 0.7175]
Reward: 9   	chromosome: [121, 132]                    [0.119, 0.708, 0.1055, 0.741]
Reward: 9   	chromosome: [37, 51]                      [0.119, 0.708, 0.0955, 0.0025]
Reward: 9   	chromosome: [202, 121, 126, 36]           [0.2445, 0.9175, 0.1195, 0.6405]
Reward: 9   	chromosome: [40, 22, 10, 230, 206]        [0.004, 0.36, 0.009, 0.264]
Reward: 9   	chromosome: [9, 173, 0]                   [0.104, 0.0185, 0.075, 0.56875]
Reward: 9   	chromosome: [33, 121]                     [0.3025, 0.708, 0.0525, 0.32875]
Reward: 9   	chromosome: [81, 47]                      [0.0615, 0.708, 0.0955, 0.22525]
Reward: 9   	chromosome: [132, 218, 57, 49]            [0.3545, 0.0015, 0.082, 0.32875]
Reward: 9   	chromosome: [89, 27, 41]                  [0.127, 0.089, 0.0285, 0.15075]
Reward: 9   	chromosome: [155, 149, 13, 197]           [0.3915, 0.0425, 0.037, 0.50525]
Reward: 9   	chromosome: [108, 254, 146]               [0.2525, 0.971, 0.091, 0.4825]
Reward: 9   	chromosome: [3, 10]                       [0.0665, 0.6605, 0.0525, 0.17925]
Reward: 9   	chromosome: [156, 90, 124, 185]           [0.295, 0.272, 0.029, 0.402]
Reward: 9   	chromosome: [154, 99]                     [0.3025, 0.353, 0.0525, 0.58]
Reward: 8   	chromosome: [74, 44, 129, 254]            [0.102, 0.509, 0.026, 0.31175]
Reward: 8   	chromosome: [129, 64, 121, 107]           [0.0185, 0.23, 0.0795, 0.2565]
Reward: 8   	chromosome: [113, 72]                     [0.09, 0.9355, 0.091, 0.316]
Reward: 8   	chromosome: [121, 81]                     [0.0615, 0.51, 0.0955, 0.6405]
Reward: 8   	chromosome: [202, 132]                    [0.0615, 0.51, 0.0955, 0.6405]
Reward: 8   	chromosome: [20, 215, 114, 12]            [0.374, 0.9915, 0.067, 0.385]
Reward: 8   	chromosome: [131, 212, 139, 199]          [0.1155, 0.747, 0.0565, 0.02875]
Reward: 8   	chromosome: [194, 40]                     [0.037, 0.9365, 0.0525, 0.0445]
Reward: 8   	chromosome: [67, 0]                       [0.011, 0.8495, 0.0275, 0.348]
