Generation: 30	Total Reward: 4475.0
Reward: 425   	chromosome: [110, 179, 86, 74, 86]        [0.403, 0.139, 0.089, 0.3135]
Reward: 317   	chromosome: [110, 179, 86, 74, 86]        [0.403, 1.169, 0.089, 0.285]
Reward: 292   	chromosome: [110, 163, 86, 203, 94]       [0.577, 0.727, 0.073, 0.3135]
Reward: 236   	chromosome: [110, 179, 86, 74, 86]        [0.403, 0.727, 0.089, 0.3135]
Reward: 211   	chromosome: [110, 179, 86, 74, 86]        [0.642, 1.642, 0.089, 0.3135]
Reward: 198   	chromosome: [110, 179, 86, 74, 86]        [0.642, 1.169, 0.089, 0.3135]
Reward: 188   	chromosome: [110, 163, 86, 203, 94]       [0.642, 1.169, 0.089, 0.3135]
Reward: 187   	chromosome: [110, 179, 86, 74, 86]        [0.642, 1.642, 0.089, 0.3135]
Reward: 179   	chromosome: [110, 179, 86, 66, 94]        [0.642, 0.727, 0.089, 0.3135]
Reward: 163   	chromosome: [110, 163, 86, 203, 94]       [0.747, 1.642, 0.089, 0.3135]
Reward: 132   	chromosome: [110, 163, 70, 202, 94]       [0.642, 0.727, 0.089, 0.3135]
Reward: 106   	chromosome: [173, 52]                     [0.773, 0.065, 0.114, 0.3665]
Reward: 106   	chromosome: [110, 179, 86, 75, 86]        [0.642, 0.727, 0.089, 0.3135]
Reward: 98   	chromosome: [110, 163, 86, 203, 94]       [0.747, 0.727, 0.089, 0.3135]
Reward: 87   	chromosome: [110, 163, 86, 203, 94]       [0.642, 1.264, 0.089, 0.3135]
Reward: 80   	chromosome: [110, 179, 86, 75, 94]        [0.747, 0.727, 0.089, 0.3135]
Reward: 71   	chromosome: [110, 131, 86, 203, 94]       [0.577, 1.642, 0.073, 0.3135]
Reward: 63   	chromosome: [110, 163, 86, 203, 94]       [0.747, 1.642, 0.089, 0.285]
Reward: 63   	chromosome: [110, 179, 86, 66, 86]        [0.747, 1.642, 0.089, 0.285]
Reward: 61   	chromosome: [110, 179, 86, 67, 86]        [0.665, 0.727, 0.089, 0.3135]
Reward: 41   	chromosome: [110, 211, 94, 75, 86]        [0.577, 0.727, 0.105, 0.3135]
Reward: 37   	chromosome: [110, 163, 86, 202]           [0.403, 1.169, 0.089, 0.3135]
Reward: 36   	chromosome: [108, 162, 30, 203, 94]       [0.403, 1.642, 0.116, 0.3135]
Reward: 34   	chromosome: [110, 179, 86, 202, 94]       [0.577, 0.727, 0.089, 0.3135]
Reward: 31   	chromosome: [110, 163, 86, 203, 94]       [0.403, 0.727, 0.089, 0.3135]
Reward: 30   	chromosome: [110, 163, 86, 203, 94]       [0.747, 1.169, 0.089, 0.3135]
Reward: 30   	chromosome: [110, 50, 86, 74, 86]         [0.012, 1.642, 0.089, 0.285]
Reward: 30   	chromosome: [110, 163, 86, 75, 94]        [0.747, 0.727, 0.089, 0.3135]
Reward: 30   	chromosome: [110, 163, 86, 75, 94]        [0.642, 0.727, 0.089, 0.3135]
Reward: 27   	chromosome: [110, 179, 86, 202, 94]       [0.642, 1.642, 0.089, 0.285]
Reward: 27   	chromosome: [110, 178, 86, 74, 94]        [0.642, 0.727, 0.089, 0.3135]
Reward: 26   	chromosome: [110, 163, 86, 202, 94]       [0.747, 1.642, 0.089, 0.3135]
Reward: 25   	chromosome: [110, 163, 86, 74, 86]        [0.403, 0.309, 0.089, 0.3135]
Reward: 25   	chromosome: [106, 227, 86, 203, 94]       [0.577, 1.642, 0.073, 0.285]
Reward: 24   	chromosome: [110, 163, 86, 75, 94]        [0.747, 1.642, 0.089, 0.285]
Reward: 23   	chromosome: [110, 163, 86, 203, 94]       [0.747, 1.169, 0.073, 0.3135]
Reward: 23   	chromosome: [110, 163, 86, 203, 94]       [0.747, 1.642, 0.073, 0.3135]
Reward: 22   	chromosome: [110, 179, 70, 66, 86]        [0.642, 1.642, 0.089, 0.3135]
Reward: 20   	chromosome: [110, 163, 86, 75, 86]        [0.747, 1.642, 0.089, 0.3135]
Reward: 20   	chromosome: [110, 163, 86, 74, 86]        [0.642, 1.642, 0.089, 0.3135]
Reward: 18   	chromosome: [110, 161, 86, 195, 94]       [0.403, 0.727, 0.219, 0.3135]
Reward: 17   	chromosome: [110, 147, 214, 66, 94]       [0.403, 0.727, 0.089, 0.3135]
Reward: 16   	chromosome: [110, 179, 86, 75, 86]        [0.642, 1.642, 0.089, 0.3135]
Reward: 16   	chromosome: [110, 163, 86, 74, 86]        [0.642, 0.727, 0.116, 0.3135]
Reward: 15   	chromosome: [110, 163, 86, 202, 94]       [0.642, 0.727, 0.089, 0.3135]
Reward: 15   	chromosome: [110, 163, 86, 66, 94]        [0.642, 1.642, 0.089, 0.3135]
Reward: 15   	chromosome: [110, 35, 70, 203, 86]        [0.642, 1.642, 0.089, 0.3135]
Reward: 15   	chromosome: [110, 51, 86, 74, 94]         [0.747, 0.727, 0.089, 0.3135]
Reward: 15   	chromosome: [110, 163, 86, 202, 94]       [0.747, 1.642, 0.089, 0.3135]
Reward: 15   	chromosome: [118, 183, 86, 75, 94]        [0.747, 1.642, 0.089, 0.285]
Reward: 14   	chromosome: [108, 162, 94, 202, 94]       [0.403, 1.169, 0.089, 0.3135]
Reward: 14   	chromosome: [110, 163, 86, 195]           [0.642, 0.727, 0.089, 0.3135]
Reward: 13   	chromosome: [110, 179, 86, 74, 86]        [0.403, 0.727, 0.089, 0.3135]
Reward: 12   	chromosome: [179, 86, 195, 94]            [0.403, 0.727, 0.116, 0.3135]
Reward: 12   	chromosome: [110, 179, 158, 137, 94]      [0.615, 1.169, 0.073, 0.3135]
Reward: 11   	chromosome: [110, 163, 86, 195, 94]       [0.403, 1.642, 0.116, 0.3135]
Reward: 11   	chromosome: [110, 179, 86, 75, 86]        [0.403, 0.727, 0.089, 0.3135]
Reward: 11   	chromosome: [110, 163, 82, 203, 94]       [0.642, 1.392, 0.089, 0.3135]
Reward: 11   	chromosome: [175, 163, 70, 139, 94]       [0.747, 0.838, 0.132, 0.285]
Reward: 10   	chromosome: [110, 179, 86, 67, 94]        [0.642, 1.264, 0.004, 0.3135]
Reward: 10   	chromosome: [8, 206, 177, 95, 39]         [0.554, 1.203, 0.018, 0.0315]
Reward: 10   	chromosome: [108, 130, 86, 203, 94]       [0.403, 1.642, 0.116, 0.3135]
Reward: 10   	chromosome: [18, 129, 235, 42, 28]        [0.412, 1.772, 0.069, 0.494]
Reward: 10   	chromosome: [161, 209]                    [0.294, 0.666, 0.186, 0.0135]
Reward: 10   	chromosome: [222, 180, 132, 74, 32]       [0.796, 0.954, 0.088, 0.095]
Reward: 10   	chromosome: [139, 23, 7, 244]             [0.385, 1.275, 0.185, 0.054]
Reward: 10   	chromosome: [186, 212]                    [0.584, 1.817, 0.228, 0.0975]
Reward: 10   	chromosome: [110, 179, 86, 202, 86]       [0.712, 1.169, 0.089, 0.3135]
Reward: 10   	chromosome: [110, 163, 86, 202, 94]       [0.403, 0.727, 0.089, 0.285]
Reward: 10   	chromosome: [84, 75, 18, 201, 116]        [0.577, 0.814, 0.073, 0.034]
Reward: 10   	chromosome: [110, 179, 84, 194, 86]       [0.403, 0.727, 0.073, 0.3135]
Reward: 10   	chromosome: [110, 163, 84, 203, 94]       [0.642, 1.264, 0.073, 0.3135]
Reward: 10   	chromosome: [110, 227, 86, 202, 212]      [0.747, 1.169, 0.089, 0.2405]
Reward: 10   	chromosome: [76, 145, 82, 233]            [0.002, 1.642, 0.089, 0.27]
Reward: 10   	chromosome: [110, 163, 214, 203, 94]      [0.747, 1.264, 0.089, 0.3135]
Reward: 10   	chromosome: [110, 179, 86, 75, 86]        [0.642, 1.642, 0.089, 0.285]
Reward: 10   	chromosome: [110, 35, 86, 203, 94]        [0.747, 1.642, 0.089, 0.3135]
Reward: 10   	chromosome: [110, 179, 86, 202]           [0.642, 1.642, 0.116, 0.279]
Reward: 9   	chromosome: [209, 243, 126, 203, 70]      [0.708, 0.727, 0.089, 0.3135]
Reward: 9   	chromosome: [110, 130, 193, 116]          [0.642, 0.814, 0.02, 0.034]
Reward: 9   	chromosome: [110, 179, 2, 203, 94]        [0.403, 0.727, 0.116, 0.3135]
Reward: 9   	chromosome: [110, 163, 86, 202, 86]       [0.747, 1.169, 0.089, 0.3135]
Reward: 9   	chromosome: [110, 179, 86, 75, 136]       [0.403, 0.727, 0.089, 0.285]
Reward: 9   	chromosome: [110, 163, 86, 74]            [0.403, 1.642, 0.116, 0.3135]
Reward: 9   	chromosome: [110, 179, 202]               [0.642, 1.642, 0.089, 0.279]
Reward: 9   	chromosome: [103, 186]                    [0.467, 1.439, 0.212, 0.1375]
Reward: 9   	chromosome: [116, 82, 137]                [0.266, 1.569, 0.143, 0.36]
Reward: 9   	chromosome: [236, 249, 245]               [0.25, 0.335, 0.146, 0.116]
Reward: 9   	chromosome: [226, 200, 27, 144]           [0.324, 0.815, 0.01, 0.1405]
Reward: 9   	chromosome: [198, 43, 207, 200, 27]       [0.57, 1.513, 0.07, 0.265]
Reward: 9   	chromosome: [110, 179, 22, 67, 94]        [0.642, 0.727, 0.116, 0.3135]
Reward: 9   	chromosome: [235, 179, 254, 195, 78]      [0.708, 0.727, 0.02, 0.3135]
Reward: 9   	chromosome: [110, 22, 203, 110]           [0.747, 1.264, 0.089, 0.3135]
Reward: 9   	chromosome: [178, 86, 203, 94]            [0.403, 1.264, 0.089, 0.3135]
Reward: 9   	chromosome: [110, 163, 86, 139, 94]       [0.577, 0.698, 0.089, 0.3135]
Reward: 9   	chromosome: [127, 59, 208]                [0.736, 1.819, 0.183, 0.0945]
Reward: 9   	chromosome: [137, 36, 225]                [0.462, 0.007, 0.071, 0.3945]
Reward: 8   	chromosome: [110, 179, 86, 1, 94]         [0.329, 0.727, 0.089, 0.3135]
Reward: 8   	chromosome: [99, 96, 27]                  [0.701, 0.418, 0.094, 0.268]
Reward: 8   	chromosome: [49, 147]                     [0.329, 1.896, 0.148, 0.1545]
