Generation: 30	Total Reward: 6862.0
Reward: 374   	chromosome: [105, 85, 169]                [0.489, 0.943, 0.03, 2.747]
Reward: 309   	chromosome: [105, 85, 169]                [0.489, 0.943, 0.03, 2.232]
Reward: 244   	chromosome: [226, 105, 85]                [0.228, 0.943, 0.237, 0.65]
Reward: 240   	chromosome: [226, 85, 169]                [0.489, 0.943, 0.237, 2.232]
Reward: 223   	chromosome: [226, 105, 85]                [0.228, 0.943, 0.186, 0.65]
Reward: 223   	chromosome: [85, 105, 169]                [0.228, 0.943, 0.186, 2.232]
Reward: 217   	chromosome: [105, 85, 169]                [0.489, 0.943, 0.03, 0.65]
Reward: 216   	chromosome: [226, 85, 169]                [0.489, 0.943, 0.092, 2.747]
Reward: 214   	chromosome: [105, 85, 169]                [0.228, 0.943, 0.03, 0.65]
Reward: 213   	chromosome: [169, 169, 226]               [0.489, 1.268, 0.144, 2.232]
Reward: 206   	chromosome: [169, 169, 226]               [0.489, 0.943, 0.186, 2.618]
Reward: 203   	chromosome: [105, 85, 169]                [0.489, 0.943, 0.03, 2.747]
Reward: 200   	chromosome: [85, 169, 169]                [0.489, 0.943, 0.186, 2.263]
Reward: 191   	chromosome: [105, 85, 169]                [0.228, 1.814, 0.237, 2.747]
Reward: 181   	chromosome: [226, 85, 169]                [0.489, 0.943, 0.237, 0.65]
Reward: 175   	chromosome: [105, 85, 169]                [0.489, 0.943, 0.03, 0.65]
Reward: 175   	chromosome: [226, 85, 169]                [0.489, 0.943, 0.03, 2.747]
Reward: 175   	chromosome: [226, 85, 169]                [0.489, 0.943, 0.092, 0.584]
Reward: 171   	chromosome: [226, 169, 226]               [0.228, 0.943, 0.186, 0.65]
Reward: 167   	chromosome: [85, 169]                     [0.228, 0.943, 0.03, 0.65]
Reward: 166   	chromosome: [105, 85, 169]                [0.489, 0.507, 0.186, 2.232]
Reward: 160   	chromosome: [105, 85, 169]                [0.228, 0.943, 0.186, 0.65]
Reward: 154   	chromosome: [105, 85, 169]                [0.489, 0.943, 0.092, 2.232]
Reward: 152   	chromosome: [105, 85, 169]                [0.228, 0.943, 0.144, 2.232]
Reward: 142   	chromosome: [105, 85, 169]                [0.228, 0.943, 0.186, 2.747]
Reward: 141   	chromosome: [226, 105, 85]                [0.489, 0.943, 0.03, 0.65]
Reward: 140   	chromosome: [226, 105, 85]                [0.489, 0.943, 0.092, 2.232]
Reward: 136   	chromosome: [105, 85, 169]                [0.228, 1.814, 0.237, 2.232]
Reward: 125   	chromosome: [226, 105, 85]                [0.228, 0.943, 0.092, 0.584]
Reward: 123   	chromosome: [226, 85, 169]                [0.122, 0.507, 0.186, 2.232]
Reward: 111   	chromosome: [226, 105, 85]                [0.489, 0.943, 0.237, 0.65]
Reward: 74   	chromosome: [105, 169, 226]               [0.489, 0.943, 0.237, 2.747]
Reward: 46   	chromosome: [105, 226, 169]               [0.228, 0.943, 0.03, 2.232]
Reward: 39   	chromosome: [105, 169, 226]               [0.228, 0.943, 0.03, 2.232]
Reward: 37   	chromosome: [180, 85, 105]                [0.313, 0.943, 0.028, 0.65]
Reward: 36   	chromosome: [226, 105, 85]                [0.228, 0.943, 0.092, 2.618]
Reward: 30   	chromosome: [57, 181, 131, 28, 177]       [0.18, 0.135, 0.182, 0.622]
Reward: 28   	chromosome: [169, 105, 105]               [0.122, 0.943, 0.186, 2.747]
Reward: 27   	chromosome: [176, 182, 248]               [0.372, 0.636, 0.234, 2.413]
Reward: 22   	chromosome: [65, 150]                     [0.192, 1.837, 0.22, 2.098]
Reward: 22   	chromosome: [105, 85, 105]                [0.489, 0.943, 0.092, 0.584]
Reward: 20   	chromosome: [226, 226, 169]               [0.489, 0.943, 0.092, 0.584]
Reward: 20   	chromosome: [226, 85, 169]                [0.122, 0.943, 0.03, 2.747]
Reward: 18   	chromosome: [85, 226, 105]                [0.228, 0.943, 0.03, 0.65]
Reward: 18   	chromosome: [105, 105, 226]               [0.228, 0.943, 0.03, 0.65]
Reward: 18   	chromosome: [169, 85, 169]                [0.489, 0.943, 0.03, 2.232]
Reward: 16   	chromosome: [226, 105, 105]               [0.228, 1.814, 0.067, 0.65]
Reward: 16   	chromosome: [133, 149]                    [0.01, 0.46, 0.116, 1.488]
Reward: 14   	chromosome: [226, 169, 105]               [0.228, 1.814, 0.067, 2.232]
Reward: 12   	chromosome: [169, 226, 169]               [0.228, 0.943, 0.03, 0.65]
Reward: 12   	chromosome: [226, 169, 105]               [0.489, 0.943, 0.092, 0.584]
Reward: 11   	chromosome: [85, 169, 105]                [0.228, 0.943, 0.092, 0.584]
Reward: 11   	chromosome: [105, 85, 226]                [0.489, 0.943, 0.138, 2.747]
Reward: 11   	chromosome: [183, 220, 36, 71, 57]        [0.122, 1.596, 0.027, 0.817]
Reward: 11   	chromosome: [169, 169]                    [0.489, 0.943, 0.092, 2.747]
Reward: 10   	chromosome: [74, 204, 215, 132, 247]      [0.596, 1.384, 0.051, 2.18]
Reward: 10   	chromosome: [13, 146, 223, 67, 213]       [0.044, 0.474, 0.213, 0.936]
Reward: 10   	chromosome: [85, 105, 169]                [0.489, 0.943, 0.092, 0.584]
Reward: 10   	chromosome: [226, 169]                    [0.489, 0.943, 0.092, 2.747]
Reward: 10   	chromosome: [226, 85, 85]                 [0.228, 0.507, 0.186, 2.232]
Reward: 10   	chromosome: [169, 226, 169]               [0.489, 0.943, 0.092, 2.232]
Reward: 10   	chromosome: [169, 105, 85]                [0.228, 0.943, 0.03, 2.747]
Reward: 10   	chromosome: [47, 210, 98]                 [0.666, 1.227, 0.145, 2.438]
Reward: 10   	chromosome: [85, 169, 85]                 [0.489, 0.943, 0.237, 0.65]
Reward: 10   	chromosome: [11, 27, 83, 114, 237]        [0.469, 1.911, 0.032, 1.004]
Reward: 10   	chromosome: [229, 30, 184, 71]            [0.096, 0.447, 0.226, 0.447]
Reward: 10   	chromosome: [237, 223, 101, 241, 169]     [0.351, 0.535, 0.09, 2.808]
Reward: 10   	chromosome: [85, 226]                     [0.228, 0.943, 0.03, 0.65]
Reward: 10   	chromosome: [226, 169, 105]               [0.228, 0.943, 0.186, 2.232]
Reward: 10   	chromosome: [245, 163]                    [0.648, 1.284, 0.127, 2.511]
Reward: 10   	chromosome: [17, 111, 163, 208]           [0.366, 0.194, 0.102, 1.394]
Reward: 10   	chromosome: [83, 121, 39, 25]             [0.401, 0.36, 0.148, 1.477]
Reward: 10   	chromosome: [165, 109]                    [0.561, 0.767, 0.032, 2.534]
Reward: 10   	chromosome: [11, 103, 169]                [0.489, 0.727, 0.03, 2.766]
Reward: 10   	chromosome: [85, 85, 169]                 [0.122, 0.943, 0.186, 0.65]
Reward: 10   	chromosome: [226, 105, 226]               [0.489, 0.507, 0.237, 2.232]
Reward: 10   	chromosome: [255, 33, 119]                [0.206, 0.087, 0.204, 1.565]
Reward: 10   	chromosome: [182, 133, 252, 52, 88]       [0.014, 1.645, 0.15, 0.723]
Reward: 10   	chromosome: [226, 85, 226]                [0.122, 0.943, 0.03, 2.232]
Reward: 10   	chromosome: [85, 169, 85]                 [0.489, 0.943, 0.03, 2.263]
Reward: 9   	chromosome: [226, 85, 105]                [0.489, 0.943, 0.03, 2.232]
Reward: 9   	chromosome: [169, 105, 226]               [0.228, 0.943, 0.03, 2.747]
Reward: 9   	chromosome: [70, 1, 165, 235, 82]         [0.407, 0.26, 0.043, 2.919]
Reward: 9   	chromosome: [226, 226, 105]               [0.489, 0.943, 0.092, 0.584]
Reward: 9   	chromosome: [11, 104]                     [0.657, 1.389, 0.146, 1.121]
Reward: 9   	chromosome: [198, 119]                    [0.439, 1.314, 0.041, 2.134]
Reward: 9   	chromosome: [131, 172, 113, 223, 56]      [0.38, 1.288, 0.103, 2.666]
Reward: 9   	chromosome: [245, 39, 215, 32, 249]       [0.464, 0.1, 0.093, 2.935]
Reward: 9   	chromosome: [85, 85, 169]                 [0.489, 0.943, 0.092, 2.747]
Reward: 9   	chromosome: [226, 85, 226]                [0.489, 0.943, 0.237, 2.232]
Reward: 9   	chromosome: [61, 36, 118, 122]            [0.698, 1.082, 0.048, 0.22]
Reward: 9   	chromosome: [119, 231, 176]               [0.456, 1.057, 0.22, 1.11]
Reward: 9   	chromosome: [33, 134, 110, 208]           [0.505, 0.919, 0.048, 0.803]
Reward: 9   	chromosome: [139, 165]                    [0.663, 1.115, 0.116, 0.955]
Reward: 9   	chromosome: [169, 105, 169]               [0.228, 0.507, 0.186, 2.232]
Reward: 9   	chromosome: [85, 226, 85]                 [0.489, 0.943, 0.237, 2.747]
Reward: 8   	chromosome: [152, 69, 50, 188, 222]       [0.73, 1.871, 0.204, 0.472]
Reward: 8   	chromosome: [79, 213, 134]                [0.082, 1.837, 0.012, 0.804]
Reward: 8   	chromosome: [42, 185, 189, 234]           [0.427, 0.956, 0.198, 0.878]
Reward: 8   	chromosome: [246, 224, 139, 82, 79]       [0.051, 0.334, 0.183, 2.645]
