Generation: 34	Total Reward: 9307.0
Reward: 500   	chromosome: [110, 179, 86, 74, 86]        [0.403, 0.139, 0.089, 0.3135]
Reward: 500   	chromosome: [110, 179, 86, 74, 86]        [0.403, 0.139, 0.089, 0.3135]
Reward: 500   	chromosome: [110, 179, 86, 74, 86]        [0.403, 0.139, 0.089, 0.3135]
Reward: 500   	chromosome: [110, 179, 86, 74, 86]        [0.403, 0.139, 0.089, 0.3135]
Reward: 500   	chromosome: [110, 179, 86, 74, 86]        [0.403, 0.139, 0.089, 0.3135]
Reward: 500   	chromosome: [110, 179, 86, 74, 86]        [0.403, 0.139, 0.089, 0.3135]
Reward: 500   	chromosome: [110, 179, 86, 74, 86]        [0.403, 0.139, 0.089, 0.3135]
Reward: 500   	chromosome: [110, 179, 86, 74, 86]        [0.403, 0.139, 0.089, 0.3135]
Reward: 500   	chromosome: [110, 179, 86, 74, 86]        [0.403, 0.139, 0.089, 0.3135]
Reward: 500   	chromosome: [110, 179, 86, 74, 86]        [0.403, 0.139, 0.089, 0.3135]
Reward: 500   	chromosome: [110, 179, 86, 74, 86]        [0.403, 0.139, 0.089, 0.3135]
Reward: 500   	chromosome: [110, 179, 86, 74, 86]        [0.403, 0.139, 0.089, 0.3135]
Reward: 500   	chromosome: [110, 179, 86, 74, 86]        [0.642, 0.139, 0.089, 0.3135]
Reward: 365   	chromosome: [110, 179, 86, 74, 86]        [0.403, 0.139, 0.089, 0.3135]
Reward: 238   	chromosome: [110, 179, 70, 74, 86]        [0.642, 0.727, 0.089, 0.3135]
Reward: 227   	chromosome: [110, 179, 86, 66, 86]        [0.642, 0.139, 0.089, 0.3135]
Reward: 212   	chromosome: [110, 179, 86, 74, 86]        [0.403, 0.261, 0.073, 0.3135]
Reward: 162   	chromosome: [110, 179, 86, 74, 86]        [0.403, 1.039, 0.089, 0.3135]
Reward: 149   	chromosome: [110, 179, 86, 66, 86]        [0.403, 0.139, 0.089, 0.3135]
Reward: 137   	chromosome: [110, 163, 86, 203, 94]       [0.403, 1.169, 0.089, 0.3135]
Reward: 130   	chromosome: [110, 179, 86, 66, 86]        [0.642, 0.139, 0.089, 0.3135]
Reward: 76   	chromosome: [110, 179, 86, 66, 86]        [0.403, 1.039, 0.089, 0.3135]
Reward: 75   	chromosome: [238, 218, 86, 74, 86]        [0.642, 0.139, 0.021, 0.3135]
Reward: 70   	chromosome: [230, 166, 86, 202, 86]       [0.623, 0.65, 0.197, 0.3135]
Reward: 45   	chromosome: [110, 163, 86, 202, 94]       [0.403, 1.642, 0.089, 0.3135]
Reward: 40   	chromosome: [110, 163, 86, 74, 86]        [0.403, 0.139, 0.089, 0.3135]
Reward: 38   	chromosome: [238, 182, 86, 74, 86]        [0.623, 0.65, 0.089, 0.3135]
Reward: 36   	chromosome: [74, 58, 86, 74, 86]          [0.403, 0.139, 0.021, 0.0065]
Reward: 35   	chromosome: [118, 163, 86, 74, 86]        [0.642, 1.642, 0.089, 0.3135]
Reward: 26   	chromosome: [28, 242, 177, 155]           [0.352, 0.666, 0.108, 0.4295]
Reward: 24   	chromosome: [126, 179, 196, 74, 94]       [0.403, 1.169, 0.089, 0.3135]
Reward: 22   	chromosome: [110, 179, 86, 203, 94]       [0.403, 1.169, 0.073, 0.3135]
Reward: 22   	chromosome: [126, 163, 22, 9]             [0.403, 0.139, 0.206, 0.0445]
Reward: 19   	chromosome: [110, 179, 86, 74, 86]        [0.403, 0.139, 0.089, 0.3135]
Reward: 17   	chromosome: [78, 26, 86, 74, 86]          [0.403, 0.139, 0.021, 0.3135]
Reward: 15   	chromosome: [110, 179, 86, 74, 86]        [0.403, 0.139, 0.089, 0.3135]
Reward: 15   	chromosome: [139, 176, 205]               [0.732, 1.531, 0.046, 0.3325]
Reward: 15   	chromosome: [110, 179, 86, 74, 86]        [0.403, 0.139, 0.089, 0.3135]
Reward: 14   	chromosome: [110, 179, 70, 90, 86]        [0.577, 0.727, 0.089, 0.3135]
Reward: 11   	chromosome: [108, 28]                     [0.338, 1.326, 0.102, 0.1185]
Reward: 11   	chromosome: [94, 51, 70, 74, 86]          [0.403, 0.139, 0.089, 0.3135]
Reward: 10   	chromosome: [110, 179, 86, 202, 86]       [0.642, 1.642, 0.089, 0.3135]
Reward: 10   	chromosome: [110, 179, 86, 75, 86]        [0.642, 0.139, 0.089, 0.3135]
Reward: 10   	chromosome: [52, 43, 22, 74, 86]          [0.642, 0.727, 0.231, 0.312]
Reward: 10   	chromosome: [254, 163, 86, 74, 86]        [0.623, 0.65, 0.089, 0.371]
Reward: 10   	chromosome: [122, 205, 57, 67]            [0.411, 1.344, 0.191, 0.424]
Reward: 10   	chromosome: [175, 55, 121]                [0.547, 1.054, 0.169, 0.4555]
Reward: 10   	chromosome: [33, 192]                     [0.694, 1.692, 0.164, 0.275]
Reward: 10   	chromosome: [89, 45, 170]                 [0.758, 0.78, 0.157, 0.243]
Reward: 10   	chromosome: [133, 154, 114, 223, 222]     [0.511, 1.518, 0.058, 0.1545]
Reward: 10   	chromosome: [110, 179, 86, 74, 86]        [0.403, 0.139, 0.089, 0.3135]
Reward: 10   	chromosome: [110, 179, 86, 75, 86]        [0.642, 0.139, 0.089, 0.3135]
Reward: 10   	chromosome: [185, 188]                    [0.326, 0.278, 0.238, 0.265]
Reward: 10   	chromosome: [238, 215, 86, 74, 86]        [0.642, 0.935, 0.092, 0.3135]
Reward: 10   	chromosome: [110, 179, 86, 202, 86]       [0.403, 1.642, 0.089, 0.4455]
Reward: 10   	chromosome: [234, 247, 86, 74, 86]        [0.642, 0.935, 0.089, 0.0065]
Reward: 10   	chromosome: [167, 230]                    [0.519, 0.154, 0.22, 0.0085]
Reward: 10   	chromosome: [150, 235, 124, 100, 4]       [0.351, 1.432, 0.059, 0.1985]
Reward: 10   	chromosome: [128, 50, 127]                [0.283, 1.112, 0.145, 0.0005]
Reward: 10   	chromosome: [110, 170, 212]               [0.234, 1.326, 0.013, 0.394]
Reward: 10   	chromosome: [106, 220, 235, 197, 228]     [0.267, 0.29, 0.049, 0.3525]
Reward: 10   	chromosome: [12, 221, 63, 216, 227]       [0.115, 0.305, 0.129, 0.1]
Reward: 10   	chromosome: [177, 106]                    [0.627, 1.276, 0.045, 0.4635]
Reward: 10   	chromosome: [252, 245, 222, 77]           [0.492, 0.768, 0.237, 0.2875]
Reward: 10   	chromosome: [113, 171]                    [0.415, 1.407, 0.027, 0.0695]
Reward: 10   	chromosome: [108, 242, 118, 74, 90]       [0.463, 1.93, 0.182, 0.3135]
Reward: 10   	chromosome: [110, 179, 86, 66, 86]        [0.403, 1.169, 0.089, 0.0615]
Reward: 10   	chromosome: [185, 23, 150, 5]             [0.159, 1.137, 0.044, 0.1105]
Reward: 10   	chromosome: [228, 155]                    [0.757, 0.53, 0.137, 0.2155]
Reward: 10   	chromosome: [107, 188, 144, 161]          [0.166, 0.645, 0.007, 0.2935]
Reward: 10   	chromosome: [125, 146, 114, 224, 86]      [0.58, 0.139, 0.089, 0.31]
Reward: 10   	chromosome: [141, 240]                    [0.508, 0.115, 0.157, 0.304]
Reward: 10   	chromosome: [194, 134, 177, 70]           [0.03, 1.931, 0.067, 0.335]
Reward: 10   	chromosome: [16, 81]                      [0.798, 1.559, 0.069, 0.489]
Reward: 10   	chromosome: [118, 38, 76, 229, 223]       [0.678, 0.803, 0.106, 0.1375]
Reward: 10   	chromosome: [67, 130, 214, 248]           [0.225, 0.651, 0.129, 0.352]
Reward: 9   	chromosome: [74, 147, 112]                [0.78, 1.552, 0.089, 0.3135]
Reward: 9   	chromosome: [136, 153, 97]                [0.126, 1.817, 0.212, 0.2805]
Reward: 9   	chromosome: [74, 55, 86, 75, 86]          [0.642, 0.935, 0.089, 0.0065]
Reward: 9   	chromosome: [110, 179, 86, 75, 86]        [0.642, 1.169, 0.073, 0.3135]
Reward: 9   	chromosome: [126, 136]                    [0.252, 0.466, 0.117, 0.107]
Reward: 9   	chromosome: [39, 133, 132, 244]           [0.298, 0.667, 0.122, 0.115]
Reward: 9   	chromosome: [204, 118, 113]               [0.224, 1.785, 0.009, 0.3765]
Reward: 9   	chromosome: [27, 183]                     [0.761, 1.743, 0.079, 0.3665]
Reward: 9   	chromosome: [52, 240, 7, 179]             [0.125, 1.382, 0.075, 0.0445]
Reward: 9   	chromosome: [183, 56, 132, 13, 177]       [0.626, 0.749, 0.116, 0.1425]
Reward: 9   	chromosome: [98, 165, 6, 130]             [0.403, 0.139, 0.089, 0.3275]
Reward: 9   	chromosome: [132, 169]                    [0.273, 0.193, 0.147, 0.4655]
Reward: 9   	chromosome: [212, 170, 162, 172, 7]       [0.154, 0.527, 0.23, 0.491]
Reward: 9   	chromosome: [14, 213, 75, 194, 86]        [0.187, 1.047, 0.089, 0.3135]
Reward: 9   	chromosome: [38, 81, 139, 167, 102]       [0.652, 1.466, 0.154, 0.383]
Reward: 9   	chromosome: [165, 241]                    [0.622, 1.855, 0.153, 0.107]
Reward: 9   	chromosome: [110, 171, 7, 94]             [0.403, 0.262, 0.08, 0.3135]
Reward: 9   	chromosome: [110, 179, 82, 70]            [0.642, 1.642, 0.089, 0.3135]
Reward: 9   	chromosome: [213, 71]                     [0.279, 1.774, 0.238, 0.082]
Reward: 8   	chromosome: [102, 182, 86, 74]            [0.6, 0.727, 0.089, 0.3135]
Reward: 8   	chromosome: [238, 191, 97, 88]            [0.427, 0.338, 0.022, 0.0805]
Reward: 8   	chromosome: [127, 22, 184, 112, 137]      [0.004, 1.131, 0.102, 0.192]
Reward: 8   	chromosome: [14, 84]                      [0.042, 0.142, 0.055, 0.0095]
Reward: 8   	chromosome: [110, 179, 223, 74, 86]       [0.403, 0.727, 0.089, 0.3135]
