Generation: 35	Total Reward: 7666.0
Reward: 424   	chromosome: [105, 85, 169]                [0.228, 0.943, 0.03, 2.232]
Reward: 344   	chromosome: [85, 105, 169]                [0.228, 0.943, 0.237, 2.232]
Reward: 343   	chromosome: [226, 85, 169]                [0.489, 0.943, 0.237, 2.747]
Reward: 305   	chromosome: [226, 85, 169]                [0.228, 0.943, 0.143, 2.232]
Reward: 275   	chromosome: [85, 105, 169]                [0.489, 0.943, 0.03, 0.65]
Reward: 256   	chromosome: [226, 85, 169]                [0.489, 0.943, 0.03, 2.747]
Reward: 255   	chromosome: [226, 85, 169]                [0.734, 0.943, 0.03, 2.232]
Reward: 255   	chromosome: [226, 85, 169]                [0.489, 0.943, 0.237, 2.232]
Reward: 251   	chromosome: [105, 85, 169]                [0.489, 0.943, 0.03, 2.232]
Reward: 236   	chromosome: [105, 85, 169]                [0.228, 0.943, 0.03, 2.232]
Reward: 223   	chromosome: [85, 169]                     [0.228, 0.943, 0.186, 2.232]
Reward: 218   	chromosome: [105, 85, 169]                [0.309, 0.943, 0.03, 2.747]
Reward: 216   	chromosome: [169, 169, 226]               [0.489, 0.943, 0.03, 2.618]
Reward: 214   	chromosome: [105, 85, 169]                [0.228, 0.943, 0.03, 2.747]
Reward: 175   	chromosome: [169, 169, 226]               [0.228, 0.943, 0.186, 2.618]
Reward: 175   	chromosome: [169, 169, 226]               [0.489, 0.943, 0.03, 2.618]
Reward: 175   	chromosome: [85, 169, 226]                [0.228, 0.943, 0.092, 0.65]
Reward: 168   	chromosome: [105, 85, 169]                [0.228, 0.943, 0.186, 2.747]
Reward: 163   	chromosome: [226, 105, 71]                [0.62, 0.798, 0.03, 0.691]
Reward: 157   	chromosome: [85, 169]                     [0.489, 0.943, 0.143, 2.232]
Reward: 155   	chromosome: [85, 169]                     [0.489, 0.943, 0.186, 2.232]
Reward: 154   	chromosome: [105, 85, 169]                [0.228, 0.943, 0.092, 2.747]
Reward: 152   	chromosome: [169, 169, 226]               [0.228, 0.943, 0.03, 2.232]
Reward: 151   	chromosome: [105, 85, 169]                [0.228, 0.943, 0.237, 2.618]
Reward: 148   	chromosome: [85, 169]                     [0.489, 0.943, 0.092, 0.65]
Reward: 139   	chromosome: [169, 169, 226]               [0.489, 0.943, 0.03, 2.747]
Reward: 136   	chromosome: [85, 169]                     [0.228, 0.943, 0.092, 2.59]
Reward: 133   	chromosome: [105, 169, 226]               [0.228, 0.943, 0.092, 2.232]
Reward: 126   	chromosome: [105, 85, 169]                [0.228, 0.943, 0.237, 2.232]
Reward: 120   	chromosome: [226, 169, 226]               [0.489, 0.943, 0.03, 2.618]
Reward: 118   	chromosome: [226, 169, 85]                [0.489, 0.943, 0.092, 2.232]
Reward: 112   	chromosome: [226, 105, 85]                [0.489, 0.943, 0.092, 2.747]
Reward: 107   	chromosome: [226, 85, 169]                [0.228, 0.837, 0.186, 0.65]
Reward: 95   	chromosome: [105, 226, 169]               [0.228, 0.943, 0.03, 0.65]
Reward: 83   	chromosome: [105, 169]                    [0.228, 0.943, 0.186, 2.232]
Reward: 69   	chromosome: [226, 169, 105]               [0.228, 0.943, 0.03, 2.747]
Reward: 42   	chromosome: [85, 169, 63]                 [0.563, 0.018, 0.186, 0.65]
Reward: 41   	chromosome: [62, 186, 56]                 [0.228, 0.312, 0.166, 2.755]
Reward: 40   	chromosome: [234, 226, 169, 105]          [0.228, 0.943, 0.03, 2.747]
Reward: 34   	chromosome: [85, 169]                     [0.228, 0.566, 0.092, 0.195]
Reward: 32   	chromosome: [82, 18, 62, 127]             [0.413, 0.91, 0.169, 0.874]
Reward: 29   	chromosome: [169, 226, 85]                [0.228, 0.943, 0.237, 2.747]
Reward: 29   	chromosome: [105, 105, 85]                [0.228, 0.943, 0.03, 2.232]
Reward: 25   	chromosome: [109, 90, 14, 30]             [0.208, 0.512, 0.22, 2.49]
Reward: 19   	chromosome: [85, 169, 226]                [0.228, 0.943, 0.17, 2.747]
Reward: 18   	chromosome: [226, 105, 105]               [0.228, 0.943, 0.03, 2.232]
Reward: 16   	chromosome: [205, 55]                     [0.619, 0.943, 0.026, 2.232]
Reward: 14   	chromosome: [226, 85, 169]                [0.228, 0.943, 0.03, 2.232]
Reward: 13   	chromosome: [85, 105, 105]                [0.489, 0.943, 0.237, 2.232]
Reward: 13   	chromosome: [169, 85, 169]                [0.228, 0.943, 0.03, 2.232]
Reward: 13   	chromosome: [226, 169, 85]                [0.489, 0.943, 0.092, 0.65]
Reward: 11   	chromosome: [105, 85]                     [0.228, 0.943, 0.077, 2.232]
Reward: 11   	chromosome: [146, 169]                    [0.447, 1.794, 0.069, 1.205]
Reward: 10   	chromosome: [148, 238, 35, 67]            [0.363, 0.744, 0.158, 2.134]
Reward: 10   	chromosome: [125, 140]                    [0.587, 1.842, 0.181, 0.554]
Reward: 10   	chromosome: [85, 85, 169]                 [0.489, 0.943, 0.03, 2.747]
Reward: 10   	chromosome: [209, 206, 106, 166]          [0.18, 0.274, 0.127, 0.402]
Reward: 10   	chromosome: [98, 133, 185, 113, 74]       [0.692, 1.15, 0.002, 2.77]
Reward: 10   	chromosome: [85, 169, 226]                [0.489, 0.943, 0.092, 2.747]
Reward: 10   	chromosome: [226, 85, 85]                 [0.489, 0.943, 0.092, 2.232]
Reward: 10   	chromosome: [55, 81, 67]                  [0.531, 1.358, 0.026, 0.352]
Reward: 10   	chromosome: [226, 85, 150]                [0.626, 0.943, 0.092, 2.747]
Reward: 10   	chromosome: [226, 20, 182]                [0.228, 1.081, 0.134, 1.719]
Reward: 10   	chromosome: [105, 226]                    [0.228, 0.943, 0.092, 0.65]
Reward: 10   	chromosome: [85, 169, 226]                [0.228, 0.562, 0.143, 0.65]
Reward: 10   	chromosome: [73, 182, 100]                [0.081, 1.218, 0.114, 2.273]
Reward: 10   	chromosome: [10, 52, 78, 80]              [0.662, 0.135, 0.189, 2.446]
Reward: 10   	chromosome: [35, 226, 169]                [0.489, 0.472, 0.092, 2.747]
Reward: 10   	chromosome: [85, 169, 85]                 [0.489, 0.943, 0.092, 2.747]
Reward: 10   	chromosome: [226, 169, 169]               [0.489, 0.943, 0.03, 2.232]
Reward: 10   	chromosome: [105, 226, 226]               [0.489, 0.943, 0.092, 2.232]
Reward: 10   	chromosome: [95, 226]                     [0.67, 1.979, 0.186, 0.65]
Reward: 10   	chromosome: [169, 169, 169]               [0.489, 0.943, 0.143, 2.618]
Reward: 10   	chromosome: [53, 62, 221]                 [0.741, 0.089, 0.03, 0.425]
Reward: 10   	chromosome: [169, 169, 169]               [0.489, 0.943, 0.237, 2.618]
Reward: 10   	chromosome: [85, 226]                     [0.228, 0.943, 0.092, 2.232]
Reward: 10   	chromosome: [169, 76, 136]                [0.489, 0.735, 0.03, 2.455]
Reward: 9   	chromosome: [156, 161, 48, 136, 13]       [0.42, 1.686, 0.051, 2.603]
Reward: 9   	chromosome: [85, 85, 169]                 [0.489, 0.943, 0.03, 0.402]
Reward: 9   	chromosome: [242, 163, 179, 141]          [0.154, 1.547, 0.201, 2.18]
Reward: 9   	chromosome: [85, 226, 105]                [0.228, 0.943, 0.237, 0.65]
Reward: 9   	chromosome: [169, 169]                    [0.489, 0.943, 0.092, 2.232]
Reward: 9   	chromosome: [144, 158, 85]                [0.734, 0.943, 0.04, 0.425]
Reward: 9   	chromosome: [172, 209, 56, 204]           [0.152, 0.603, 0.188, 2.402]
Reward: 9   	chromosome: [238, 226, 85, 169]           [0.045, 0.943, 0.03, 2.232]
Reward: 9   	chromosome: [88, 85, 169]                 [0.489, 0.943, 0.176, 0.371]
Reward: 9   	chromosome: [85, 85, 169]                 [0.489, 0.943, 0.03, 2.747]
Reward: 9   	chromosome: [212, 85, 36, 31]             [0.415, 1.555, 0.139, 1.269]
Reward: 9   	chromosome: [226, 226, 8]                 [0.489, 0.943, 0.011, 1.376]
Reward: 9   	chromosome: [226, 85, 105]                [0.228, 0.943, 0.143, 2.232]
Reward: 9   	chromosome: [226, 85, 207]                [0.283, 0.943, 0.227, 2.747]
Reward: 9   	chromosome: [182, 184, 232, 125]          [0.141, 1.739, 0.068, 1.678]
Reward: 9   	chromosome: [49, 222, 176, 24, 199]       [0.147, 1.953, 0.2, 2.439]
Reward: 8   	chromosome: [231, 130, 233]               [0.741, 1.054, 0.068, 1.56]
Reward: 8   	chromosome: [68, 132, 181, 21]            [0.267, 1.566, 0.189, 0.736]
Reward: 8   	chromosome: [205, 242, 170, 79]           [0.619, 0.566, 0.057, 2.568]
Reward: 8   	chromosome: [169, 169, 105]               [0.489, 0.943, 0.03, 2.232]
Reward: 8   	chromosome: [169, 85, 169]                [0.228, 0.943, 0.143, 2.747]
Reward: 8   	chromosome: [85, 169, 226]                [0.489, 0.943, 0.143, 2.232]
Reward: 8   	chromosome: [226, 169, 105]               [0.489, 0.943, 0.092, 2.232]
