Generation: 46	Total Reward: 7828.0
Reward: 468   	chromosome: [169, 63, 85]                 [0.228, 0.383, 0.03, 2.232]
Reward: 464   	chromosome: [169, 63, 85]                 [0.228, 0.383, 0.03, 2.232]
Reward: 379   	chromosome: [169, 63, 85]                 [0.228, 0.383, 0.03, 2.232]
Reward: 372   	chromosome: [105, 85, 169]                [0.228, 0.943, 0.03, 2.232]
Reward: 369   	chromosome: [169, 63, 85]                 [0.228, 0.383, 0.03, 2.232]
Reward: 330   	chromosome: [169, 63, 85]                 [0.228, 0.383, 0.03, 2.232]
Reward: 279   	chromosome: [85, 105, 169]                [0.228, 0.383, 0.03, 2.232]
Reward: 272   	chromosome: [169, 63, 85]                 [0.228, 0.383, 0.03, 2.232]
Reward: 268   	chromosome: [169, 63, 85]                 [0.228, 0.943, 0.03, 2.232]
Reward: 243   	chromosome: [169, 85, 105]                [0.228, 0.383, 0.03, 2.232]
Reward: 215   	chromosome: [85, 105, 169]                [0.228, 0.383, 0.03, 2.232]
Reward: 211   	chromosome: [105, 85, 169]                [0.228, 0.383, 0.03, 2.232]
Reward: 204   	chromosome: [105, 85, 169]                [0.228, 0.383, 0.03, 2.232]
Reward: 202   	chromosome: [85, 169]                     [0.693, 0.693, 0.044, 2.232]
Reward: 197   	chromosome: [169, 85, 105]                [0.228, 0.943, 0.03, 2.232]
Reward: 195   	chromosome: [169, 63, 85]                 [0.228, 0.383, 0.03, 2.232]
Reward: 192   	chromosome: [85, 169]                     [0.591, 0.177, 0.158, 2.232]
Reward: 186   	chromosome: [85, 105, 169]                [0.228, 1.825, 0.03, 2.232]
Reward: 172   	chromosome: [169, 63, 85]                 [0.228, 0.383, 0.03, 2.232]
Reward: 172   	chromosome: [169, 63, 85]                 [0.228, 0.943, 0.03, 2.232]
Reward: 171   	chromosome: [169, 63, 85]                 [0.228, 0.383, 0.03, 2.232]
Reward: 171   	chromosome: [169, 63, 85]                 [0.228, 0.943, 0.03, 2.232]
Reward: 167   	chromosome: [85, 105, 169]                [0.228, 1.825, 0.03, 2.232]
Reward: 152   	chromosome: [169, 169, 226]               [0.228, 0.943, 0.03, 2.232]
Reward: 148   	chromosome: [105, 85, 169]                [0.228, 0.383, 0.03, 2.232]
Reward: 135   	chromosome: [85, 169, 226]                [0.228, 0.383, 0.03, 2.232]
Reward: 133   	chromosome: [226, 85, 169]                [0.228, 0.943, 0.03, 2.232]
Reward: 133   	chromosome: [85, 169, 226]                [0.228, 0.943, 0.03, 2.232]
Reward: 127   	chromosome: [169, 85, 105]                [0.228, 0.943, 0.03, 2.232]
Reward: 126   	chromosome: [85, 169, 226]                [0.228, 0.943, 0.03, 2.232]
Reward: 117   	chromosome: [226, 85, 169]                [0.228, 0.383, 0.03, 2.232]
Reward: 58   	chromosome: [169, 63]                     [0.228, 0.943, 0.03, 2.232]
Reward: 55   	chromosome: [105, 169]                    [0.228, 0.943, 0.153, 2.232]
Reward: 54   	chromosome: [169, 63, 105]                [0.228, 0.383, 0.03, 2.232]
Reward: 40   	chromosome: [105, 169, 226]               [0.228, 0.383, 0.03, 2.232]
Reward: 19   	chromosome: [169, 169, 63]                [0.228, 0.383, 0.03, 2.232]
Reward: 19   	chromosome: [169, 226, 85]                [0.228, 0.943, 0.03, 2.232]
Reward: 15   	chromosome: [169, 105, 169]               [0.228, 0.383, 0.03, 2.232]
Reward: 14   	chromosome: [85, 169, 169]                [0.228, 0.383, 0.03, 2.232]
Reward: 14   	chromosome: [169, 85, 169]                [0.228, 0.383, 0.03, 2.232]
Reward: 13   	chromosome: [105, 169, 85]                [0.228, 0.383, 0.03, 2.232]
Reward: 12   	chromosome: [169, 105, 85, 63]            [0.228, 0.383, 0.024, 1.396]
Reward: 11   	chromosome: [226, 169, 169]               [0.228, 0.383, 0.03, 2.232]
Reward: 11   	chromosome: [85, 85, 169]                 [0.228, 0.383, 0.03, 2.232]
Reward: 11   	chromosome: [225, 141]                    [0.36, 0.866, 0.102, 2.459]
Reward: 10   	chromosome: [105, 169, 169]               [0.228, 0.383, 0.03, 2.232]
Reward: 10   	chromosome: [63, 85, 85]                  [0.228, 0.383, 0.03, 2.232]
Reward: 10   	chromosome: [169, 85, 226]                [0.228, 0.383, 0.03, 2.232]
Reward: 10   	chromosome: [169, 226, 85]                [0.228, 0.943, 0.03, 2.232]
Reward: 10   	chromosome: [63, 85, 169]                 [0.228, 0.383, 0.03, 2.232]
Reward: 10   	chromosome: [199, 172, 79, 190, 125]      [0.675, 0.666, 0.032, 1.586]
Reward: 10   	chromosome: [169, 226, 63]                [0.228, 0.943, 0.03, 2.232]
Reward: 10   	chromosome: [169, 169, 85]                [0.228, 0.383, 0.03, 2.232]
Reward: 10   	chromosome: [85, 85, 105]                 [0.228, 0.943, 0.03, 1.396]
Reward: 10   	chromosome: [91, 69, 164]                 [0.109, 1.61, 0.019, 2.051]
Reward: 10   	chromosome: [63, 85, 85]                  [0.228, 0.383, 0.03, 2.232]
Reward: 10   	chromosome: [203, 3, 136]                 [0.203, 1.667, 0.224, 1.842]
Reward: 10   	chromosome: [63, 85, 169]                 [0.228, 0.383, 0.03, 2.232]
Reward: 10   	chromosome: [226, 85, 85]                 [0.228, 0.943, 0.03, 2.232]
Reward: 10   	chromosome: [169, 169, 63]                [0.228, 0.383, 0.03, 2.232]
Reward: 10   	chromosome: [178, 47]                     [0.465, 0.106, 0.199, 0.038]
Reward: 10   	chromosome: [226, 85, 85]                 [0.228, 0.383, 0.03, 2.232]
Reward: 10   	chromosome: [169, 169, 63]                [0.228, 0.383, 0.03, 2.232]
Reward: 10   	chromosome: [85, 63, 85]                  [0.228, 0.383, 0.03, 2.232]
Reward: 10   	chromosome: [169, 63, 169]                [0.228, 0.383, 0.03, 2.232]
Reward: 10   	chromosome: [163, 63, 85]                 [0.228, 0.943, 0.03, 2.232]
Reward: 10   	chromosome: [169, 7, 169]                 [0.228, 0.693, 0.03, 2.232]
Reward: 10   	chromosome: [63, 85, 105]                 [0.228, 0.943, 0.03, 2.438]
Reward: 10   	chromosome: [169, 226]                    [0.228, 0.943, 0.03, 2.232]
Reward: 9   	chromosome: [169, 169, 63]                [0.228, 0.943, 0.03, 2.232]
Reward: 9   	chromosome: [105, 85, 85]                 [0.228, 0.943, 0.03, 2.232]
Reward: 9   	chromosome: [226, 169, 63]                [0.228, 0.383, 0.03, 2.232]
Reward: 9   	chromosome: [63, 85, 169]                 [0.228, 0.943, 0.03, 2.232]
Reward: 9   	chromosome: [63, 85, 169]                 [0.228, 0.943, 0.03, 2.232]
Reward: 9   	chromosome: [141, 173, 198, 45, 102]      [0.661, 0.945, 0.018, 1.492]
Reward: 9   	chromosome: [102, 169, 63, 169]           [0.228, 0.383, 0.024, 0.737]
Reward: 9   	chromosome: [166, 128, 26, 149, 148]      [0.22, 0.109, 0.142, 0.352]
Reward: 9   	chromosome: [40, 110, 110, 136]           [0.578, 0.176, 0.169, 2.999]
Reward: 9   	chromosome: [226, 85, 85]                 [0.228, 0.943, 0.03, 2.232]
Reward: 9   	chromosome: [169, 85, 169]                [0.228, 0.943, 0.03, 2.232]
Reward: 9   	chromosome: [50, 32, 32, 101]             [0.035, 1.988, 0.141, 1.016]
Reward: 9   	chromosome: [105, 169, 169]               [0.228, 0.943, 0.03, 2.232]
Reward: 9   	chromosome: [105, 169, 169]               [0.228, 0.485, 0.03, 2.232]
Reward: 9   	chromosome: [102, 63, 85]                 [0.228, 0.943, 0.03, 2.232]
Reward: 9   	chromosome: [85, 85, 105]                 [0.228, 0.383, 0.03, 2.232]
Reward: 9   	chromosome: [29, 222, 209]                [0.414, 1.12, 0.22, 1.96]
Reward: 9   	chromosome: [21, 215, 182, 203, 15]       [0.047, 0.572, 0.004, 1.085]
Reward: 9   	chromosome: [56, 80, 125, 25]             [0.377, 0.019, 0.121, 2.838]
Reward: 9   	chromosome: [63, 85, 226]                 [0.228, 0.943, 0.03, 2.232]
Reward: 9   	chromosome: [103, 7, 25, 85]              [0.228, 0.383, 0.062, 1.585]
Reward: 9   	chromosome: [25, 165, 105, 192, 169]      [0.597, 0.781, 0.03, 2.232]
Reward: 9   	chromosome: [55, 166, 105]                [0.228, 0.943, 0.03, 2.318]
Reward: 9   	chromosome: [85, 85, 169]                 [0.228, 0.943, 0.03, 2.232]
Reward: 8   	chromosome: [85, 63, 85]                  [0.228, 0.383, 0.03, 2.232]
Reward: 8   	chromosome: [85, 169, 85]                 [0.228, 0.943, 0.03, 2.232]
Reward: 8   	chromosome: [85, 63, 85]                  [0.228, 0.383, 0.03, 2.232]
Reward: 8   	chromosome: [63, 169, 226]                [0.228, 0.943, 0.03, 2.232]
Reward: 8   	chromosome: [105, 169, 226]               [0.228, 0.943, 0.03, 2.232]
Reward: 8   	chromosome: [248, 112, 227, 180]          [0.44, 0.66, 0.081, 0.695]
Reward: 8   	chromosome: [202, 41, 244]                [0.496, 0.108, 0.157, 2.535]
