Generation: 8	Total Reward: 1922.0
Reward: 150   	chromosome: [220, 86]                     [0.518, 1.218, 0.205, 0.1095]
Reward: 142   	chromosome: [110, 163, 86, 203, 94]       [0.516, 1.252, 0.201, 0.3135]
Reward: 132   	chromosome: [110, 163, 86, 203, 94]       [0.516, 1.218, 0.201, 0.3135]
Reward: 110   	chromosome: [110, 163, 211]               [0.516, 0.763, 0.201, 0.3985]
Reward: 102   	chromosome: [105, 159, 154, 128, 77]      [0.599, 0.727, 0.187, 0.3135]
Reward: 92   	chromosome: [110, 146]                    [0.183, 1.642, 0.201, 0.3135]
Reward: 69   	chromosome: [110, 178]                    [0.516, 1.642, 0.201, 0.3135]
Reward: 62   	chromosome: [249, 78]                     [0.518, 1.218, 0.205, 0.1095]
Reward: 46   	chromosome: [110, 163, 86, 203, 94]       [0.516, 1.252, 0.201, 0.1485]
Reward: 38   	chromosome: [76, 51, 86, 203, 94]         [0.525, 1.252, 0.201, 0.1485]
Reward: 30   	chromosome: [102, 218]                    [0.518, 1.642, 0.238, 0.3135]
Reward: 29   	chromosome: [105, 207, 154, 128, 77]      [0.599, 0.727, 0.179, 0.3135]
Reward: 26   	chromosome: [110, 154]                    [0.462, 1.642, 0.201, 0.3135]
Reward: 25   	chromosome: [110, 222]                    [0.462, 0.727, 0.179, 0.3135]
Reward: 24   	chromosome: [94, 90]                      [0.462, 1.642, 0.205, 0.1095]
Reward: 22   	chromosome: [110, 195]                    [0.516, 1.642, 0.205, 0.1095]
Reward: 17   	chromosome: [110, 226, 94, 203, 94]       [0.516, 0.727, 0.201, 0.3135]
Reward: 17   	chromosome: [110, 167, 86, 203, 94]       [0.681, 1.252, 0.201, 0.1485]
Reward: 16   	chromosome: [78, 131, 87]                 [0.102, 1.252, 0.02, 0.3135]
Reward: 15   	chromosome: [110, 183, 86, 137, 94]       [0.516, 1.252, 0.201, 0.3135]
Reward: 13   	chromosome: [78, 218]                     [0.516, 1.642, 0.106, 0.3135]
Reward: 12   	chromosome: [110, 147, 27]                [0.518, 1.252, 0.02, 0.3135]
Reward: 12   	chromosome: [108, 187, 86, 203, 94]       [0.518, 1.218, 0.02, 0.3135]
Reward: 12   	chromosome: [110, 150]                    [0.518, 1.642, 0.02, 0.3135]
Reward: 11   	chromosome: [92, 148, 203, 152]           [0.599, 0.78, 0.02, 0.3135]
Reward: 11   	chromosome: [110, 163, 86, 139, 126]      [0.516, 1.252, 0.201, 0.3135]
Reward: 11   	chromosome: [110, 163, 214, 203, 94]      [0.516, 1.252, 0.201, 0.3135]
Reward: 11   	chromosome: [110, 131, 86, 203, 94]       [0.518, 1.252, 0.201, 0.3135]
Reward: 10   	chromosome: [97, 142, 222, 161, 107]      [0.599, 0.727, 0.187, 0.3135]
Reward: 10   	chromosome: [105, 191, 139, 148, 76]      [0.681, 0.78, 0.187, 0.3135]
Reward: 10   	chromosome: [111, 244]                    [0.183, 0.727, 0.02, 0.3135]
Reward: 10   	chromosome: [126, 108, 186, 200, 88]      [0.473, 0.796, 0.208, 0.3135]
Reward: 10   	chromosome: [110, 171]                    [0.516, 1.252, 0.02, 0.3135]
Reward: 10   	chromosome: [110, 146, 86, 203, 94]       [0.518, 1.642, 0.201, 0.3135]
Reward: 10   	chromosome: [79, 39, 35]                  [0.102, 1.642, 0.156, 0.1095]
Reward: 10   	chromosome: [107, 135, 222, 93]           [0.599, 1.252, 0.187, 0.1485]
Reward: 10   	chromosome: [95, 74]                      [0.183, 1.252, 0.106, 0.1095]
Reward: 10   	chromosome: [110, 139, 43, 203, 94]       [0.462, 1.252, 0.201, 0.1485]
Reward: 10   	chromosome: [106, 181, 211, 203, 88]      [0.183, 1.252, 0.02, 0.3135]
Reward: 10   	chromosome: [110, 130, 86, 203, 94]       [0.516, 1.252, 0.201, 0.1485]
Reward: 10   	chromosome: [205, 52, 52, 39, 29]         [0.548, 1.916, 0.141, 0.4315]
Reward: 10   	chromosome: [106, 152]                    [0.462, 0.763, 0.02, 0.3985]
Reward: 10   	chromosome: [106, 183, 154, 128, 77]      [0.183, 1.252, 0.187, 0.3135]
Reward: 10   	chromosome: [111, 163, 23, 203, 90]       [0.516, 0.727, 0.201, 0.3135]
Reward: 10   	chromosome: [230, 175, 214, 192, 94]      [0.183, 1.252, 0.201, 0.3135]
Reward: 10   	chromosome: [106, 150, 146, 192, 77]      [0.599, 0.727, 0.187, 0.3135]
Reward: 10   	chromosome: [235, 138]                    [0.516, 0.78, 0.127, 0.3135]
Reward: 10   	chromosome: [109, 31]                     [0.518, 0.727, 0.187, 0.1095]
Reward: 10   	chromosome: [110, 179, 86, 203, 94]       [0.516, 1.642, 0.201, 0.3135]
Reward: 10   	chromosome: [103, 191, 210, 203, 94]      [0.642, 1.642, 0.157, 0.3135]
Reward: 10   	chromosome: [183, 86, 203, 94]            [0.518, 1.218, 0.205, 0.1095]
Reward: 10   	chromosome: [110, 231, 82]                [0.518, 0.763, 0.201, 0.1095]
Reward: 10   	chromosome: [110, 219, 82, 138, 75]       [0.516, 0.727, 0.201, 0.1485]
Reward: 10   	chromosome: [120, 215]                    [0.599, 0.727, 0.205, 0.1095]
Reward: 10   	chromosome: [236, 150]                    [0.518, 1.218, 0.201, 0.3135]
Reward: 9   	chromosome: [110, 154]                    [0.518, 1.642, 0.02, 0.3135]
Reward: 9   	chromosome: [105, 143, 155, 128, 111]     [0.681, 0.727, 0.187, 0.3135]
Reward: 9   	chromosome: [232, 158]                    [0.473, 0.763, 0.205, 0.288]
Reward: 9   	chromosome: [106, 142, 211]               [0.183, 0.593, 0.179, 0.3135]
Reward: 9   	chromosome: [111, 247, 22, 131, 79]       [0.681, 0.727, 0.02, 0.3135]
Reward: 9   	chromosome: [135, 129]                    [0.516, 1.642, 0.201, 0.3135]
Reward: 9   	chromosome: [238, 186, 215, 233, 94]      [0.462, 1.642, 0.187, 0.3985]
Reward: 9   	chromosome: [226, 234, 210, 129, 79]      [0.183, 1.642, 0.201, 0.3135]
Reward: 9   	chromosome: [108, 187, 18, 190, 78]       [0.516, 0.727, 0.201, 0.3135]
Reward: 9   	chromosome: [110, 187, 86, 203, 94]       [0.516, 1.642, 0.233, 0.3135]
Reward: 9   	chromosome: [103, 246, 214]               [0.516, 0.98, 0.038, 0.3135]
Reward: 9   	chromosome: [110, 206]                    [0.183, 0.727, 0.179, 0.1095]
Reward: 9   	chromosome: [110, 187]                    [0.462, 1.642, 0.201, 0.3135]
Reward: 9   	chromosome: [30, 87, 203, 53, 219]        [0.457, 1.545, 0.062, 0.1495]
Reward: 9   	chromosome: [100, 167, 86, 207, 126]      [0.516, 1.252, 0.112, 0.3135]
Reward: 9   	chromosome: [110, 163, 86, 78]            [0.599, 1.252, 0.201, 0.1485]
Reward: 9   	chromosome: [109, 255, 90, 128, 76]       [0.516, 0.727, 0.201, 0.3135]
Reward: 9   	chromosome: [236, 210]                    [0.518, 1.218, 0.02, 0.1095]
Reward: 9   	chromosome: [104, 179, 154, 128, 77]      [0.599, 1.218, 0.02, 0.3135]
Reward: 9   	chromosome: [126, 154, 154, 128, 77]      [0.681, 0.727, 0.02, 0.4065]
Reward: 9   	chromosome: [110, 169, 82]                [0.516, 0.593, 0.201, 0.3135]
Reward: 9   	chromosome: [106, 158, 154, 130, 77]      [0.599, 0.727, 0.187, 0.3135]
Reward: 9   	chromosome: [238, 175]                    [0.382, 1.642, 0.187, 0.3135]
Reward: 9   	chromosome: [110, 163, 82, 136, 94]       [0.516, 0.727, 0.089, 0.3985]
Reward: 9   	chromosome: [110, 129, 86, 139, 126]      [0.516, 1.252, 0.201, 0.1485]
Reward: 9   	chromosome: [78, 214, 155, 164, 105]      [0.681, 0.78, 0.179, 0.3135]
Reward: 9   	chromosome: [254, 66]                     [0.516, 1.252, 0.201, 0.1485]
Reward: 9   	chromosome: [110, 58, 195, 73]            [0.183, 0.796, 0.179, 0.3135]
Reward: 9   	chromosome: [110, 186]                    [0.516, 1.642, 0.02, 0.3135]
Reward: 9   	chromosome: [220, 16]                     [0.516, 1.218, 0.205, 0.3135]
Reward: 9   	chromosome: [110, 138]                    [0.183, 1.642, 0.201, 0.3135]
Reward: 9   	chromosome: [110, 166, 86, 195, 92]       [0.516, 1.252, 0.179, 0.0825]
Reward: 9   	chromosome: [205, 30, 154, 128, 77]       [0.518, 1.218, 0.187, 0.3135]
Reward: 9   	chromosome: [68, 156, 154, 128, 77]       [0.681, 0.657, 0.179, 0.3985]
Reward: 9   	chromosome: [42, 212]                     [0.183, 0.727, 0.206, 0.306]
Reward: 8   	chromosome: [97, 190, 206, 181, 72]       [0.599, 0.78, 0.187, 0.3135]
Reward: 8   	chromosome: [110, 138]                    [0.516, 1.642, 0.179, 0.3135]
Reward: 8   	chromosome: [205, 183]                    [0.599, 0.78, 0.205, 0.3985]
Reward: 8   	chromosome: [126, 204, 179, 181, 106]     [0.473, 0.593, 0.02, 0.288]
Reward: 8   	chromosome: [94, 30]                      [0.518, 1.642, 0.045, 0.3135]
Reward: 8   	chromosome: [110, 163, 30, 201, 94]       [0.183, 1.252, 0.201, 0.3795]
Reward: 8   	chromosome: [109, 223, 82, 128, 73]       [0.516, 0.727, 0.179, 0.3135]
Reward: 8   	chromosome: [160, 195, 214, 233, 79]      [0.599, 1.252, 0.201, 0.3985]
Reward: 8   	chromosome: [111, 153, 151, 180, 77]      [0.516, 1.252, 0.201, 0.3135]
Reward: 8   	chromosome: [111, 253, 150, 136, 94]      [0.473, 0.727, 0.02, 0.3135]
