Generation: 8	Total Reward: 6977.0
Reward: 342   	chromosome: [153, 118]                    [0.67, 1.764, 0.208, 2.806]
Reward: 260   	chromosome: [153, 118]                    [0.776, 1.764, 0.208, 2.806]
Reward: 249   	chromosome: [153, 153, 118]               [0.67, 1.027, 0.208, 2.235]
Reward: 247   	chromosome: [153, 118]                    [0.455, 1.764, 0.208, 1.469]
Reward: 243   	chromosome: [153, 118]                    [0.455, 1.764, 0.208, 0.729]
Reward: 238   	chromosome: [153, 118]                    [0.569, 1.764, 0.208, 2.634]
Reward: 227   	chromosome: [121, 118]                    [0.67, 1.764, 0.208, 2.806]
Reward: 224   	chromosome: [153, 118]                    [0.455, 1.764, 0.208, 0.729]
Reward: 222   	chromosome: [121, 118]                    [0.455, 1.764, 0.096, 1.989]
Reward: 213   	chromosome: [121, 118]                    [0.455, 0.185, 0.208, 2.806]
Reward: 212   	chromosome: [153, 153, 118]               [0.67, 1.027, 0.208, 0.729]
Reward: 212   	chromosome: [153, 118]                    [0.455, 1.027, 0.208, 0.729]
Reward: 208   	chromosome: [153, 118]                    [0.455, 1.764, 0.208, 0.729]
Reward: 202   	chromosome: [153, 153, 118]               [0.776, 1.764, 0.208, 2.235]
Reward: 202   	chromosome: [153, 118]                    [0.67, 1.027, 0.208, 2.806]
Reward: 200   	chromosome: [121, 118]                    [0.455, 0.185, 0.208, 0.729]
Reward: 194   	chromosome: [153, 118]                    [0.67, 1.764, 0.208, 1.989]
Reward: 175   	chromosome: [153, 118]                    [0.465, 1.764, 0.238, 0.729]
Reward: 166   	chromosome: [153, 118]                    [0.67, 1.764, 0.208, 2.806]
Reward: 163   	chromosome: [153, 118]                    [0.455, 0.185, 0.208, 1.989]
Reward: 162   	chromosome: [153, 153, 118]               [0.455, 1.764, 0.208, 0.729]
Reward: 158   	chromosome: [121, 118]                    [0.455, 1.764, 0.208, 1.989]
Reward: 155   	chromosome: [121, 118]                    [0.455, 0.185, 0.208, 1.989]
Reward: 155   	chromosome: [153, 118]                    [0.455, 1.027, 0.208, 2.806]
Reward: 154   	chromosome: [153, 118]                    [0.776, 1.764, 0.208, 1.989]
Reward: 152   	chromosome: [153, 153, 118]               [0.455, 1.764, 0.208, 1.989]
Reward: 151   	chromosome: [153, 118]                    [0.67, 1.764, 0.208, 2.806]
Reward: 149   	chromosome: [153, 118]                    [0.67, 1.764, 0.208, 0.729]
Reward: 147   	chromosome: [153, 118]                    [0.455, 0.185, 0.208, 0.729]
Reward: 144   	chromosome: [153, 118]                    [0.455, 0.185, 0.208, 0.729]
Reward: 143   	chromosome: [121, 118]                    [0.674, 1.764, 0.208, 1.945]
Reward: 135   	chromosome: [153, 118]                    [0.67, 1.764, 0.208, 1.989]
Reward: 101   	chromosome: [153, 153, 118]               [0.455, 0.185, 0.208, 0.729]
Reward: 36   	chromosome: [146, 153]                    [0.455, 0.185, 0.208, 2.235]
Reward: 19   	chromosome: [118, 118, 163]               [0.455, 0.185, 0.208, 1.989]
Reward: 11   	chromosome: [118, 153, 153]               [0.455, 1.027, 0.096, 0.729]
Reward: 11   	chromosome: [158, 163, 109, 116]          [0.215, 1.184, 0.202, 1.829]
Reward: 11   	chromosome: [118, 118]                    [0.67, 1.027, 0.096, 1.469]
Reward: 10   	chromosome: [121, 118, 153]               [0.455, 1.764, 0.208, 0.729]
Reward: 10   	chromosome: [102, 34, 231]                [0.417, 1.012, 0.067, 1.853]
Reward: 10   	chromosome: [136, 7, 184, 121, 69]        [0.103, 0.971, 0.169, 1.848]
Reward: 10   	chromosome: [153, 153]                    [0.26, 1.027, 0.208, 2.235]
Reward: 10   	chromosome: [153, 118, 118]               [0.776, 1.764, 0.208, 2.806]
Reward: 10   	chromosome: [153, 121]                    [0.67, 1.764, 0.208, 2.235]
Reward: 10   	chromosome: [118, 118]                    [0.455, 0.185, 0.208, 0.729]
Reward: 10   	chromosome: [29, 234, 147, 199]           [0.626, 0.921, 0.172, 2.37]
Reward: 10   	chromosome: [184, 119, 59]                [0.314, 1.681, 0.177, 2.919]
Reward: 10   	chromosome: [153, 118, 153]               [0.455, 1.027, 0.208, 1.469]
Reward: 10   	chromosome: [118, 153, 118]               [0.67, 0.235, 0.208, 1.469]
Reward: 10   	chromosome: [122, 191]                    [0.722, 0.475, 0.237, 0.404]
Reward: 10   	chromosome: [118, 153]                    [0.67, 0.185, 0.208, 1.989]
Reward: 10   	chromosome: [118, 118]                    [0.776, 1.764, 0.208, 2.235]
Reward: 10   	chromosome: [188, 188, 243, 75, 164]      [0.037, 0.757, 0.159, 1.283]
Reward: 10   	chromosome: [134, 77]                     [0.756, 0.323, 0.131, 1.455]
Reward: 10   	chromosome: [153, 153]                    [0.67, 1.764, 0.208, 1.989]
Reward: 10   	chromosome: [153, 118, 118]               [0.776, 1.764, 0.208, 2.235]
Reward: 10   	chromosome: [8, 55]                       [0.139, 1.471, 0.122, 1.809]
Reward: 10   	chromosome: [231, 30, 87, 143]            [0.314, 1.255, 0.131, 2.804]
Reward: 10   	chromosome: [19, 126, 153, 73]            [0.455, 1.764, 0.208, 0.729]
Reward: 10   	chromosome: [78, 34, 63, 57]              [0.552, 0.623, 0.119, 1.096]
Reward: 10   	chromosome: [153, 153]                    [0.26, 1.027, 0.208, 2.235]
Reward: 10   	chromosome: [153, 153]                    [0.455, 0.235, 0.208, 0.729]
Reward: 10   	chromosome: [153, 121]                    [0.455, 1.764, 0.208, 1.989]
Reward: 10   	chromosome: [118, 153, 118]               [0.26, 0.235, 0.208, 0.729]
Reward: 10   	chromosome: [78, 93, 16, 154, 35]         [0.627, 1.578, 0.208, 2.355]
Reward: 10   	chromosome: [4, 36, 130]                  [0.503, 1.231, 0.13, 1.579]
Reward: 10   	chromosome: [154, 198]                    [0.481, 0.531, 0.207, 1.624]
Reward: 10   	chromosome: [118, 153, 153]               [0.455, 1.764, 0.208, 2.235]
Reward: 10   	chromosome: [102, 23, 52, 208]            [0.564, 0.799, 0.196, 1.312]
Reward: 10   	chromosome: [19, 153]                     [0.465, 1.764, 0.216, 0.729]
Reward: 9   	chromosome: [118, 153]                    [0.455, 0.235, 0.096, 0.729]
Reward: 9   	chromosome: [118, 153, 118]               [0.26, 0.235, 0.208, 0.729]
Reward: 9   	chromosome: [118, 153, 118]               [0.455, 1.764, 0.208, 2.235]
Reward: 9   	chromosome: [153, 153]                    [0.776, 1.764, 0.208, 2.235]
Reward: 9   	chromosome: [121, 153]                    [0.67, 1.027, 0.208, 2.806]
Reward: 9   	chromosome: [118, 118]                    [0.455, 1.764, 0.208, 2.806]
Reward: 9   	chromosome: [153, 153]                    [0.26, 1.027, 0.208, 0.729]
Reward: 9   	chromosome: [153, 153, 153]               [0.776, 1.764, 0.208, 1.989]
Reward: 9   	chromosome: [156, 194, 243, 104]          [0.741, 0.914, 0.235, 1.24]
Reward: 9   	chromosome: [187, 76, 89]                 [0.432, 1.298, 0.011, 2.252]
Reward: 9   	chromosome: [116, 100]                    [0.127, 0.97, 0.137, 2.289]
Reward: 9   	chromosome: [1, 248]                      [0.24, 1.115, 0.094, 2.762]
Reward: 9   	chromosome: [142, 36]                     [0.029, 0.403, 0.004, 0.6]
Reward: 9   	chromosome: [216, 249, 211]               [0.252, 0.551, 0.004, 1.842]
Reward: 9   	chromosome: [153, 118, 153]               [0.26, 0.235, 0.208, 0.729]
Reward: 9   	chromosome: [118, 153, 118]               [0.26, 0.235, 0.208, 0.729]
Reward: 9   	chromosome: [118, 153]                    [0.67, 1.027, 0.208, 0.729]
Reward: 9   	chromosome: [118, 118]                    [0.776, 0.185, 0.208, 1.989]
Reward: 9   	chromosome: [153, 153]                    [0.455, 1.764, 0.107, 2.235]
Reward: 9   	chromosome: [200, 153, 118]               [0.455, 1.764, 0.208, 2.235]
Reward: 9   	chromosome: [82, 84, 41, 67, 6]           [0.115, 0.565, 0.035, 2.563]
Reward: 9   	chromosome: [121, 201]                    [0.67, 1.027, 0.208, 2.806]
Reward: 9   	chromosome: [151, 119, 78, 10]            [0.777, 1.597, 0.089, 2.261]
Reward: 9   	chromosome: [118, 153, 118]               [0.67, 1.027, 0.208, 2.806]
Reward: 8   	chromosome: [118, 153]                    [0.674, 1.764, 0.208, 1.945]
Reward: 8   	chromosome: [146, 230]                    [0.455, 1.764, 0.208, 2.235]
Reward: 8   	chromosome: [57, 183]                     [0.649, 0.682, 0.054, 2.712]
Reward: 8   	chromosome: [153, 153]                    [0.455, 0.235, 0.208, 0.729]
Reward: 8   	chromosome: [153, 195, 7]                 [0.67, 1.337, 0.022, 0.729]
Reward: 8   	chromosome: [118, 153, 153]               [0.67, 0.235, 0.208, 0.729]
