Generation: 95	Total Reward: 4497.0
Reward: 500   	chromosome: [148, 153, 81, 81]            [0.405, 0.662, 0.024, 0.001]
Reward: 459   	chromosome: [148, 153, 81, 81]            [0.126, 0.662, 0.024, 0.001]
Reward: 261   	chromosome: [201, 81, 81]                 [0.005, 0.662, 0.024, 0.001]
Reward: 259   	chromosome: [201, 81, 81]                 [0.143, 0.662, 0.024, 0.001]
Reward: 217   	chromosome: [148, 153, 81, 81]            [0.005, 1.596, 0.23, 0.001]
Reward: 211   	chromosome: [10, 81, 81, 90]              [0.47, 1.625, 0.024, 0.001]
Reward: 172   	chromosome: [201, 81, 81]                 [0.143, 0.811, 0.024, 0.001]
Reward: 167   	chromosome: [81, 93, 201]                 [0.005, 0.57, 0.024, 0.001]
Reward: 155   	chromosome: [148, 153, 81, 81]            [0.143, 0.811, 0.024, 0.001]
Reward: 155   	chromosome: [153, 81, 10, 201]            [0.175, 1.625, 0.024, 0.001]
Reward: 151   	chromosome: [81, 93, 201]                 [0.405, 0.57, 0.024, 0.001]
Reward: 149   	chromosome: [81, 81, 10, 254]             [0.405, 0.662, 0.053, 0.001]
Reward: 148   	chromosome: [81, 93, 201]                 [0.405, 0.975, 0.024, 0.001]
Reward: 148   	chromosome: [201, 81, 81]                 [0.482, 0.937, 0.165, 0.001]
Reward: 143   	chromosome: [201, 81, 81]                 [0.405, 0.662, 0.024, 0.001]
Reward: 136   	chromosome: [148, 153, 81, 74, 201]       [0.126, 0.662, 0.024, 0.001]
Reward: 96   	chromosome: [201, 81, 153, 148]           [0.405, 0.57, 0.053, 0.001]
Reward: 74   	chromosome: [81, 81, 153, 148]            [0.411, 0.57, 0.024, 0.001]
Reward: 73   	chromosome: [81, 81, 153, 148]            [0.361, 0.57, 0.024, 0.001]
Reward: 34   	chromosome: [169, 214, 42, 201]           [0.07, 1.352, 0.161, 2.992]
Reward: 23   	chromosome: [81, 56, 81, 81]              [0.143, 0.57, 0.024, 0.001]
Reward: 18   	chromosome: [252, 153, 148, 148]          [0.405, 0.57, 0.024, 0.001]
Reward: 15   	chromosome: [148, 194, 81, 148]           [0.126, 0.662, 0.053, 0.001]
Reward: 14   	chromosome: [81, 153, 148]                [0.411, 0.57, 0.174, 0.001]
Reward: 13   	chromosome: [81, 153, 148, 228]           [0.126, 0.57, 0.053, 0.001]
Reward: 13   	chromosome: [81, 148, 81]                 [0.405, 0.57, 0.053, 0.001]
Reward: 13   	chromosome: [153, 81, 169, 81]            [0.405, 0.662, 0.053, 0.89]
Reward: 11   	chromosome: [81, 10, 81, 180]             [0.005, 0.662, 0.23, 0.001]
Reward: 11   	chromosome: [81, 81, 90, 165]             [0.405, 1.625, 0.024, 0.001]
Reward: 11   	chromosome: [148, 153, 201]               [0.126, 0.622, 0.024, 0.001]
Reward: 11   	chromosome: [148, 153, 201]               [0.405, 0.662, 0.024, 0.001]
Reward: 11   	chromosome: [81, 10, 201, 81]             [0.405, 1.625, 0.024, 0.001]
Reward: 11   	chromosome: [148, 153, 93]                [0.228, 0.811, 0.024, 0.001]
Reward: 10   	chromosome: [81, 81, 81, 81]              [0.143, 0.811, 0.024, 0.001]
Reward: 10   	chromosome: [10, 90, 148, 153]            [0.143, 1.416, 0.024, 0.001]
Reward: 10   	chromosome: [81, 228]                     [0.005, 0.622, 0.024, 0.001]
Reward: 10   	chromosome: [10, 146, 97, 139]            [0.675, 1.264, 0.144, 2.889]
Reward: 10   	chromosome: [4, 81, 201]                  [0.126, 1.625, 0.22, 0.001]
Reward: 10   	chromosome: [81, 79, 10, 201, 111]        [0.405, 1.625, 0.024, 2.944]
Reward: 10   	chromosome: [10, 81, 90, 153]             [0.405, 1.625, 0.024, 0.001]
Reward: 10   	chromosome: [148, 10, 201]                [0.005, 1.596, 0.024, 0.001]
Reward: 10   	chromosome: [81, 153, 81, 81]             [0.411, 0.662, 0.024, 0.001]
Reward: 10   	chromosome: [201, 151, 81, 153, 148]      [0.005, 0.57, 0.024, 0.001]
Reward: 10   	chromosome: [81, 81]                      [0.411, 0.57, 0.024, 0.001]
Reward: 10   	chromosome: [148, 81, 153, 10]            [0.126, 0.662, 0.024, 0.001]
Reward: 10   	chromosome: [81, 81, 81]                  [0.405, 0.662, 0.024, 0.001]
Reward: 10   	chromosome: [81, 81, 153]                 [0.411, 0.57, 0.024, 0.001]
Reward: 10   	chromosome: [81, 81, 81, 153]             [0.126, 1.625, 0.024, 0.001]
Reward: 10   	chromosome: [186, 148, 153, 201]          [0.214, 0.662, 0.024, 0.001]
Reward: 10   	chromosome: [81, 81, 228]                 [0.405, 0.662, 0.165, 0.001]
Reward: 10   	chromosome: [148, 148, 153, 81]           [0.126, 0.662, 0.024, 0.001]
Reward: 10   	chromosome: [153, 81, 81, 81]             [0.143, 0.811, 0.024, 0.001]
Reward: 10   	chromosome: [81, 148, 153, 81]            [0.405, 0.57, 0.024, 0.001]
Reward: 10   	chromosome: [81, 153, 81, 81]             [0.126, 0.662, 0.024, 0.001]
Reward: 10   	chromosome: [153, 93, 201]                [0.005, 1.015, 0.024, 0.001]
Reward: 10   	chromosome: [148, 81, 81, 81]             [0.405, 1.754, 0.024, 0.001]
Reward: 10   	chromosome: [81, 81, 201]                 [0.143, 0.975, 0.024, 0.001]
Reward: 10   	chromosome: [148, 153, 153, 10]           [0.405, 0.662, 0.024, 0.001]
Reward: 10   	chromosome: [81, 81, 81, 201]             [0.405, 1.625, 0.053, 0.001]
Reward: 10   	chromosome: [148, 81, 81, 201]            [0.175, 0.314, 0.024, 0.001]
Reward: 10   	chromosome: [148, 81, 10]                 [0.005, 1.596, 0.024, 0.001]
Reward: 9   	chromosome: [201, 201, 81]                [0.405, 0.975, 0.024, 0.001]
Reward: 9   	chromosome: [148, 153, 141, 148, 153]     [0.143, 0.57, 0.024, 0.001]
Reward: 9   	chromosome: [81, 254, 201]                [0.126, 1.596, 0.233, 0.001]
Reward: 9   	chromosome: [81, 81, 81, 81]              [0.405, 1.625, 0.024, 0.001]
Reward: 9   	chromosome: [201, 148, 81, 81]            [0.405, 0.975, 0.024, 0.001]
Reward: 9   	chromosome: [81, 153]                     [0.143, 0.811, 0.024, 0.001]
Reward: 9   	chromosome: [81, 81, 10, 81]              [0.482, 1.596, 0.23, 0.001]
Reward: 9   	chromosome: [254, 81]                     [0.005, 0.622, 0.165, 0.001]
Reward: 9   	chromosome: [153, 81, 81, 201]            [0.275, 1.625, 0.024, 0.001]
Reward: 9   	chromosome: [148, 81, 44, 201]            [0.405, 0.975, 0.024, 0.001]
Reward: 9   	chromosome: [81, 153, 81, 10]             [0.405, 0.57, 0.053, 0.001]
Reward: 9   	chromosome: [81, 10, 81, 228]             [0.005, 1.596, 0.23, 0.001]
Reward: 9   	chromosome: [201, 81, 81, 254]            [0.005, 1.596, 0.053, 0.001]
Reward: 9   	chromosome: [153, 148, 81, 10]            [0.175, 0.57, 0.23, 0.001]
Reward: 9   	chromosome: [201, 81, 81, 201]            [0.405, 1.999, 0.024, 0.001]
Reward: 9   	chromosome: [81, 81, 10]                  [0.405, 1.994, 0.024, 0.001]
Reward: 9   	chromosome: [153, 153, 81, 81]            [0.143, 0.57, 0.024, 0.001]
Reward: 9   	chromosome: [203, 81, 148, 81]            [0.005, 1.625, 0.235, 0.001]
Reward: 9   	chromosome: [81, 81, 10, 173, 254]        [0.126, 1.596, 0.024, 0.001]
Reward: 9   	chromosome: [148, 153, 10, 254]           [0.143, 0.811, 0.024, 0.001]
Reward: 9   	chromosome: [81, 81, 81, 81]              [0.005, 1.596, 0.23, 0.001]
Reward: 9   	chromosome: [81, 81, 81, 81]              [0.405, 0.662, 0.024, 0.001]
Reward: 9   	chromosome: [191, 68, 1, 7]               [0.182, 0.43, 0.139, 2.982]
Reward: 9   	chromosome: [81, 93, 201]                 [0.005, 0.57, 0.024, 2.556]
Reward: 9   	chromosome: [148, 153, 81]                [0.143, 0.811, 0.024, 0.001]
Reward: 9   	chromosome: [81, 148, 81]                 [0.175, 0.57, 0.024, 0.001]
Reward: 9   	chromosome: [81, 153, 153]                [0.411, 0.57, 0.053, 0.001]
Reward: 9   	chromosome: [153, 81, 153, 148]           [0.143, 0.811, 0.053, 0.001]
Reward: 9   	chromosome: [81, 117, 254, 153, 10]       [0.005, 1.596, 0.024, 0.001]
Reward: 9   	chromosome: [81, 10, 81, 201]             [0.405, 1.625, 0.23, 0.001]
Reward: 8   	chromosome: [81, 93, 81]                  [0.405, 0.662, 0.024, 0.001]
Reward: 8   	chromosome: [10, 148, 81, 81]             [0.405, 0.662, 0.053, 0.001]
Reward: 8   	chromosome: [81, 81, 81]                  [0.405, 0.662, 0.024, 0.001]
Reward: 8   	chromosome: [228, 148, 153, 201]          [0.126, 1.625, 0.024, 0.001]
Reward: 8   	chromosome: [81, 254, 153, 148, 10]       [0.482, 0.622, 0.165, 2.144]
Reward: 8   	chromosome: [81, 148, 153, 81]            [0.405, 0.662, 0.088, 0.001]
Reward: 8   	chromosome: [127, 203, 48, 195]           [0.327, 0.256, 0.212, 1.288]
Reward: 8   	chromosome: [228, 203, 81, 254]           [0.126, 1.625, 0.23, 0.001]
